#  Energy (ev)    Absorption NP      Absorption MG
<<<<<<< HEAD
  9.5239900000e-01  1.0556772928e+30  3.6102867652e+28
  9.5811339400e-01  8.1562319790e+29  3.1974791851e+28
  9.6382778800e-01  6.1336839408e+29  2.5494513262e+28
  9.6954218200e-01  4.8907477625e+29  1.7758910124e+28
  9.7525657600e-01  4.7168745339e+29  1.0148357144e+28
  9.8097097000e-01  5.7338014668e+29  4.1016252442e+27
  9.8668536400e-01  7.8659271827e+29  8.6804815651e+26
  9.9239975800e-01  1.0843055115e+30  1.2790038955e+27
  9.9811415200e-01  1.4236713968e+30  5.5796951512e+27
  1.0038285460e+00  1.7525546409e+30  1.3353925838e+28
  1.0095429400e+00  2.0180020879e+30  2.3560118867e+28
  1.0152573340e+00  2.1752894277e+30  3.4678394944e+28
  1.0209717280e+00  2.1960167565e+30  4.4949138335e+28
  1.0266861220e+00  2.0738132099e+30  5.2666447687e+28
  1.0324005160e+00  1.8265483939e+30  5.6478308052e+28
  1.0381149100e+00  1.4944932489e+30  5.5641535416e+28
  1.0438293040e+00  1.1345414574e+30  5.0184614418e+28
  1.0495436980e+00  8.1128565016e+29  4.0945063825e+28
  1.0552580920e+00  5.8632353791e+29  2.9468018343e+28
  1.0609724860e+00  5.0754253451e+29  1.7776164346e+28
  1.0666868800e+00  6.0022272923e+29  8.0441076295e+27
  1.0724012740e+00  8.6157739750e+29  2.2286615812e+27
  1.0781156680e+00  1.2598400299e+30  1.7169789129e+27
  1.0838300620e+00  1.7382805249e+30  7.0546697563e+27
  1.0895444560e+00  2.2237050012e+30  1.7805473312e+28
  1.0952588500e+00  2.6382011032e+30  3.2573945972e+28
  1.1009732440e+00  2.9122718266e+30  4.9195985945e+28
  1.1066876380e+00  2.9971707960e+30  6.5073116581e+28
  1.1124020320e+00  2.8742815771e+30  7.7600198606e+28
  1.1181164260e+00  2.5597855568e+30  8.4617333927e+28
  1.1238308200e+00  2.1035863076e+30  8.4808830751e+28
  1.1295452140e+00  1.5823944952e+30  7.7977172649e+28
  1.1352596080e+00  1.0878757403e+30  6.5137776587e+28
  1.1409740020e+00  7.1165579976e+29  4.8408515726e+28
  1.1466883960e+00  5.2960450122e+29  3.0702179507e+28
  1.1524027900e+00  5.8806138614e+29  1.5264635419e+28
  1.1581171840e+00  8.9446178499e+29  5.1304707980e+27
  1.1638315780e+00  1.4141855484e+30  2.5860093337e+27
  1.1695459720e+00  2.0744703450e+30  8.7331046293e+27
  1.1752603660e+00  2.7750591141e+30  2.3234635579e+28
  1.1809747600e+00  3.4040790632e+30  4.4295483148e+28
  1.1866891540e+00  3.8566788868e+30  6.8894879364e+28
  1.1924035480e+00  4.0533581135e+30  9.3243374436e+28
  1.1981179420e+00  3.9548276571e+30  1.1339739012e+29
  1.2038323360e+00  3.5706840064e+30  1.2593350410e+29
  1.2095467300e+00  2.9601107785e+30  1.2856906639e+29
  1.2152611240e+00  2.2241040997e+30  1.2061897576e+29
  1.2209755180e+00  1.4901491149e+30  1.0320087576e+29
  1.2266899120e+00  8.9161528750e+29  7.9139806030e+28
  1.2324043060e+00  5.4515360704e+29  5.2572637093e+28
  1.2381187000e+00  5.2987944523e+29  2.8304474016e+28
  1.2438330940e+00  8.7199996960e+29  1.1014826945e+28
  1.2495474880e+00  1.5377861648e+30  4.4425166179e+27
  1.2552618820e+00  2.4364964548e+30  1.0688870638e+28
  1.2609762760e+00  3.4332279632e+30  2.9765854399e+28
  1.2666906700e+00  4.3699662776e+30  5.9480345779e+28
  1.2724050640e+00  5.0916142544e+30  9.5692711647e+28
  1.2781194580e+00  5.4727709625e+30  1.3292537559e+29
  1.2838338520e+00  5.4406996353e+30  1.6523543371e+29
  1.2895482460e+00  4.9903580247e+30  1.8721523192e+29
  1.2952626400e+00  4.1885281697e+30  1.9495540738e+29
  1.3009770340e+00  3.1658107556e+30  1.8680238689e+29
  1.3066914280e+00  2.0972726785e+30  1.6376860207e+29
  1.3124058220e+00  1.1745222595e+30  1.2950575264e+29
  1.3181202160e+00  5.7359230572e+29  8.9821763621e+28
  1.3238346100e+00  4.2394307868e+29  5.1799541111e+28
  1.3295490040e+00  7.8396274043e+29  2.2647311711e+28
  1.3352633980e+00  1.6274887871e+30  8.4636118999e+27
  1.3409777920e+00  2.8442021843e+30  1.3124728838e+28
  1.3466921860e+00  4.2545033698e+30  3.7492788288e+28
  1.3524065800e+00  5.6370227831e+30  7.9098517283e+28
  1.3581209740e+00  6.7646589705e+30  1.3237967058e+29
  1.3638353680e+00  7.4433717229e+30  1.8946514777e+29
  1.3695497620e+00  7.5472008564e+30  2.4140055513e+29
  1.3752641560e+00  7.0433075489e+30  2.7962935788e+29
  1.3809785500e+00  6.0022419386e+30  2.9748950569e+29
  1.3866929440e+00  4.5909400584e+30  2.9146929986e+29
  1.3924073380e+00  3.0487949974e+30  2.6199317702e+29
  1.3981217320e+00  1.6500711048e+30  2.1357579197e+29
  1.4038361260e+00  6.5843883687e+29  1.5428197607e+29
  1.4095505200e+00  2.8105068134e+29  9.4545614211e+28
  1.4152649140e+00  6.3003050909e+29  4.5513386535e+28
  1.4209793080e+00  1.6983724659e+30  1.7170213571e+28
  1.4266937020e+00  3.3551244857e+30  1.6555350363e+28
  1.4324080960e+00  5.3616663903e+30  4.6380302825e+28
  1.4381224900e+00  7.4073608967e+30  1.0430887976e+29
  1.4438368840e+00  9.1594393047e+30  1.8306141213e+29
  1.4495512780e+00  1.0319273679e+31  2.7137353697e+29
  1.4552656720e+00  1.0675684677e+31  3.5569550749e+29
  1.4609800660e+00  1.0145958534e+31  4.2238465532e+29
  1.4666944600e+00  8.7968728517e+30  4.6004476978e+29
  1.4724088540e+00  6.8410633383e+30  4.6162061983e+29
  1.4781232480e+00  4.6080561190e+30  4.2587448480e+29
  1.4838376420e+00  2.4936089978e+30  3.5795494802e+29
  1.4895520360e+00  8.9492716555e+29  2.6890593830e+29
  1.4952664300e+00  1.4215139321e+29  1.7413583153e+29
  1.5009808240e+00  4.3771641324e+29  9.1045128504e+28
  1.5066952180e+00  1.8144510994e+30  3.6166823599e+28
  1.5124096120e+00  4.1206609819e+30  2.2278244489e+28
  1.5181240060e+00  7.0362451819e+30  5.5976045598e+28
  1.5238384000e+00  1.0118786621e+31  1.3615727715e+29
  1.5295527940e+00  1.2873341412e+31  2.5372237795e+29
  1.5352671880e+00  1.4835227821e+31  3.9262736990e+29
  1.5409815820e+00  1.5652278523e+31  5.3219070573e+29
  1.5466959760e+00  1.5152346328e+31  6.5034071333e+29
  1.5524103700e+00  1.3383580005e+31  7.2730973122e+29
  1.5581247640e+00  1.0618953488e+31  7.4917375691e+29
  1.5638391580e+00  7.3221874707e+30  7.1062440206e+29
  1.5695535520e+00  4.0786763746e+30  6.1645115081e+29
  1.5752679460e+00  1.5012656943e+30  4.8139740539e+29
  1.5809823400e+00  1.2563473464e+29  3.2830817474e+29
  1.5866967340e+00  3.1271048304e+29  1.8477191375e+29
  1.5924111280e+00  2.1753806221e+30  7.8727823925e+28
  1.5981255220e+00  5.5436456233e+30  3.3716501761e+28
  1.6038399160e+00  9.9766072373e+30  6.4557315776e+28
  1.6095543100e+00  1.4822155831e+31  1.7421596159e+29
  1.6152687040e+00  1.9317069044e+31  3.5247545420e+29
  1.6209830980e+00  2.2712822613e+31  5.7676008872e+29
  1.6266974920e+00  2.4407052057e+31  8.1512149314e+29
  1.6324118860e+00  2.4058335170e+31  1.0310309293e+30
  1.6381262800e+00  2.1663373677e+31  1.1892921335e+30
  1.6438406740e+00  1.7580734035e+31  1.2621519594e+30
  1.6495550680e+00  1.2493434826e+31  1.2345879454e+30
  1.6552694620e+00  7.3126569012e+30  1.1078186030e+30
  1.6609838560e+00  3.0351256614e+30  9.0031387975e+29
  1.6666982500e+00  5.7554386587e+29  6.4595254172e+29
  1.6724126440e+00  6.0123941621e+29  3.8942801450e+29
  1.6781270380e+00  3.3977441166e+30  1.7947455010e+29
  1.6838414320e+00  8.7907796382e+30  6.0894085794e+28
  1.6895558260e+00  1.6142309425e+31  6.6638323802e+28
  1.6952702200e+00  2.4426920192e+31  2.1128510352e+29
  1.7009846140e+00  3.2381496531e+31  4.8711529347e+29
  1.7066990080e+00  3.8708058253e+31  8.6365243969e+29
  1.7124134020e+00  4.2298970117e+31  1.2910138686e+30
  1.7181277960e+00  4.2447488310e+31  1.7068114443e+30
  1.7238421900e+00  3.9006163603e+31  2.0457265688e+30
  1.7295565840e+00  3.2461496648e+31  2.2503685156e+30
  1.7352709780e+00  2.3904939208e+31  2.2817003555e+30
  1.7409853720e+00  1.4896351293e+31  2.1272506984e+30
  1.7466997660e+00  7.2340197908e+30  1.8055530486e+30
  1.7524141600e+00  2.6624707516e+30  1.3657535129e+30
  1.7581285540e+00  2.5626364815e+30  8.8204160807e+29
  1.7638429480e+00  7.6759357967e+30  4.4338803337e+29
  1.7695573420e+00  1.7912795562e+31  1.3989108784e+29
  1.7752717360e+00  3.2286568500e+31  4.7705554595e+28
  1.7809861300e+00  4.8996526531e+31  2.1493302042e+29
  1.7867005240e+00  6.5660797427e+31  6.5090303206e+29
  1.7924149180e+00  7.9675014429e+31  1.3209326961e+30
  1.7981293120e+00  8.8648959709e+31  2.1479408762e+30
  1.8038437060e+00  9.0855575002e+31  3.0212957070e+30
  1.8095581000e+00  8.5617808224e+31  3.8121269545e+30
  1.8152724940e+00  7.3561148319e+31  4.3932090749e+30
  1.8209868880e+00  5.6674067626e+31  4.6605986485e+30
  1.8267012820e+00  3.8143808719e+31  4.5536560808e+30
  1.8324156760e+00  2.1968086723e+31  4.0700166301e+30
  1.8381300700e+00  1.2379898963e+31  3.2725538085e+30
  1.8438444640e+00  1.3157376368e+31  2.2863724959e+30
  1.8495588580e+00  2.6917916896e+31  1.2852705010e+30
  1.8552732520e+00  5.4510786399e+31  4.6873416512e+29
  1.8609876460e+00  9.4621458472e+31  3.2153971481e+28
  1.8667020400e+00  1.4368275520e+32  1.3430914897e+29
  1.8724164340e+00  1.9615334434e+32  8.6704281201e+29
  1.8781308280e+00  2.4517682181e+32  2.2322525313e+30
  1.8838452220e+00  2.8358009523e+32  4.1307621815e+30
  1.8895596160e+00  3.0511522467e+32  6.3663324507e+30
  1.8952740100e+00  3.0580199749e+32  8.6661350200e+30
  1.9009884040e+00  2.8519657873e+32  1.0716687281e+31
  1.9067027980e+00  2.4740032378e+32  1.2211825685e+31
  1.9124171920e+00  2.0163557948e+32  1.2907129851e+31
  1.9181315860e+00  1.6225230240e+32  1.2673631157e+31
  1.9238459800e+00  1.4808759350e+32  1.1542926067e+31
  1.9295603740e+00  1.8117373883e+32  9.7361419384e+30
  1.9352747680e+00  2.8487060472e+32  7.6706143021e+30
  1.9409891620e+00  4.8157541398e+32  5.9405238242e+30
  1.9467035560e+00  7.9022701957e+32  5.2708589814e+30
  1.9524179500e+00  1.2238639499e+33  6.4475494682e+30
  1.9581323440e+00  1.7875092509e+33  1.0230013278e+31
  1.9638467380e+00  2.4766373349e+33  1.7255216736e+31
  1.9695611320e+00  3.2764293521e+33  2.7944244497e+31
  1.9752755260e+00  4.1619485995e+33  4.2423001352e+31
  1.9809899200e+00  5.0992741641e+33  6.0467856241e+31
  1.9867043140e+00  6.0475298482e+33  8.1484808133e+31
  1.9924187080e+00  6.9616481395e+33  1.0452730805e+32
  1.9981331020e+00  7.7956270368e+33  1.2835358456e+32
  2.0038474960e+00  8.5059807142e+33  1.5151969179e+32
  2.0095618900e+00  9.0550601768e+33  1.7250009584e+32
  2.0152762840e+00  9.4139302973e+33  1.8982399834e+32
  2.0209906780e+00  9.5645338315e+33  2.0221324614e+32
  2.0267050720e+00  9.5009460192e+33  2.0870693155e+32
  2.0324194660e+00  9.2296166532e+33  2.0875879208e+32
  2.0381338600e+00  8.7685992033e+33  2.0229619914e+32
  2.0438482540e+00  8.1458669326e+33  1.8973359698e+32
  2.0495626480e+00  7.3969027093e+33  1.7193824776e+32
  2.0552770420e+00  6.5618130573e+33  1.5015146501e+32
  2.0609914360e+00  5.6822515807e+33  1.2587353322e+32
  2.0667058300e+00  4.7984395980e+33  1.0072460258e+32
  2.0724202240e+00  3.9465438819e+33  7.6296513990e+31
  2.0781346180e+00  3.1566176455e+33  5.4011420449e+31
  2.0838490120e+00  2.4512389917e+33  3.5002118454e+31
  2.0895634060e+00  1.8449003214e+33  2.0026308334e+31
  2.0952778000e+00  1.3441225309e+33  9.4229063467e+30
  2.1009921940e+00  9.4819825165e+32  3.1135468536e+30
  2.1067065880e+00  6.5041607448e+32  6.4716084521e+29
  2.1124209820e+00  4.3958712025e+32  1.2806446865e+30
  2.1181353760e+00  3.0168792054e+32  4.0847310512e+30
  2.1238497700e+00  2.2144776499e+32  8.0617012323e+30
  2.1295641640e+00  1.8374032803e+32  1.2260803632e+31
  2.1352785580e+00  1.7468257223e+32  1.5878215150e+31
  2.1409929520e+00  1.8239185946e+32  1.8330924670e+31
  2.1467073460e+00  1.9739825473e+32  1.9297658939e+31
  2.1524217400e+00  2.1274758868e+32  1.8724395113e+31
  2.1581361340e+00  2.2385807167e+32  1.6796523143e+31
  2.1638505280e+00  2.2820731722e+32  1.3883753196e+31
  2.1695649220e+00  2.2492783215e+32  1.0466910016e+31
  2.1752793160e+00  2.1437948440e+32  7.0574657962e+30
  2.1809937100e+00  1.9775057479e+32  4.1208730958e+30
  2.1867081040e+00  1.7671893678e+32  2.0135119136e+30
  2.1924224980e+00  1.5318489309e+32  9.4059483585e+29
  2.1981368920e+00  1.2907211287e+32  9.3907014667e+29
  2.2038512860e+00  1.0618247446e+32  1.8859097852e+30
  2.2095656800e+00  8.6087604482e+31  3.5286784866e+30
  2.2152800740e+00  7.0042155855e+31  5.5324193119e+30
  2.2209944680e+00  5.8910363953e+31  7.5350190249e+30
  2.2267088620e+00  5.3105610608e+31  9.2025417977e+30
  2.2324232560e+00  5.2550149974e+31  1.0276573538e+31
  2.2381376500e+00  5.6666716627e+31  1.0607260871e+31
  2.2438520440e+00  6.4414140581e+31  1.0168171479e+31
  2.2495664380e+00  7.4375045947e+31  9.0519593282e+30
  2.2552808320e+00  8.4895956950e+31  7.4486615130e+30
  2.2609952260e+00  9.4270285257e+31  5.6108768398e+30
  2.2667096200e+00  1.0094485662e+32  3.8117522780e+30
  2.2724240140e+00  1.0372307189e+32  2.3024268621e+30
  2.2781384080e+00  1.0193434776e+32  1.2752953211e+30
  2.2838528020e+00  9.5541268634e+31  8.3824667697e+29
  2.2895671960e+00  8.5163048262e+31  1.0031273148e+30
  2.2952815900e+00  7.2005555706e+31  1.6893870358e+30
  2.3009959840e+00  5.7702512328e+31  2.7415466024e+30
  2.3067103780e+00  4.4087121354e+31  3.9571213167e+30
  2.3124247720e+00  3.2925778182e+31  5.1202306538e+30
  2.3181391660e+00  2.5653337441e+31  6.0355012551e+30
  2.3238535600e+00  2.3151094084e+31  6.5570879603e+30
  2.3295679540e+00  2.5603590201e+31  6.6086253929e+30
  2.3352823480e+00  3.2459148594e+31  6.1914987885e+30
  2.3409967420e+00  4.2503299341e+31  5.3807242232e+30
  2.3467111360e+00  5.4036474927e+31  4.3096537681e+30
  2.3524255300e+00  6.5130397205e+31  3.1463774177e+30
  2.3581399240e+00  7.3924303475e+31  2.0658402851e+30
  2.3638543180e+00  7.8914857149e+31  1.2221766404e+30
  2.3695687120e+00  7.9193618188e+31  7.2553487969e+29
  2.3752831060e+00  7.4593477079e+31  6.2679255225e+29
  2.3809975000e+00  6.5719408660e+31  9.1219777276e+29
  2.3867118940e+00  5.3857116923e+31  1.5083510537e+30
  2.3924262880e+00  4.0772711485e+31  2.2963195303e+30
  2.3981406820e+00  2.8434298451e+31  3.1323039309e+30
  2.4038550760e+00  1.8699349996e+31  3.8713600757e+30
  2.4095694700e+00  1.3017744676e+31  4.3903366766e+30
  2.4152838640e+00  1.2198364165e+31  4.6064613884e+30
  2.4209982580e+00  1.6277318100e+31  4.4888235310e+30
  2.4267126520e+00  2.4509759692e+31  4.0612181899e+30
  2.4324270460e+00  3.5487414585e+31  3.3962289473e+30
  2.4381414400e+00  4.7363578997e+31  2.6018080212e+30
  2.4438558340e+00  5.8149774581e+31  1.8027481999e+30
  2.4495702280e+00  6.6036373909e+31  1.1201611913e+30
  2.4552846220e+00  6.9685321310e+31  6.5228280809e+29
  2.4609990160e+00  6.8447314700e+31  4.5960140446e+29
  2.4667134100e+00  6.2467853892e+31  5.5652033095e+29
  2.4724278040e+00  5.2664484168e+31  9.1065633181e+29
  2.4781421980e+00  4.0578475996e+31  1.4496287629e+30
  2.4838565920e+00  2.8124677584e+31  2.0740103201e+30
  2.4895709860e+00  1.7279997294e+31  2.6741737508e+30
  2.4952853800e+00  9.7611572990e+30  3.1482212622e+30
  2.5009997740e+00  6.7443041711e+30  3.4180990441e+30
  2.5067141680e+00  8.6724054410e+30  3.4413780772e+30
  2.5124285620e+00  1.5182153289e+31  3.2169504895e+30
  2.5181429560e+00  2.5162632999e+31  2.7839148835e+30
  2.5238573500e+00  3.6936465407e+31  2.2140341315e+30
  2.5295717440e+00  4.8534028073e+31  1.5991660384e+30
  2.5352861380e+00  5.8016007452e+31  1.0358316429e+30
  2.5410005320e+00  6.3791475481e+31  6.0948285631e+29
  2.5467149260e+00  6.4879272005e+31  3.8100730389e+29
  2.5524293200e+00  6.1069645661e+31  3.7757875125e+29
  2.5581437140e+00  5.2959383509e+31  5.8920580552e+29
  2.5638581080e+00  4.1854391508e+31  9.7137912390e+29
  2.5695725020e+00  2.9555477092e+31  1.4532257458e+30
  2.5752868960e+00  1.8062347723e+31  1.9497082851e+30
  2.5810012900e+00  9.2443937845e+30  2.3757931843e+30
  2.5867156840e+00  4.5324178621e+30  2.6602480853e+30
  2.5924300780e+00  4.6821567331e+30  2.7568474284e+30
  2.5981444720e+00  9.6487344412e+30  2.6512391834e+30
  2.6038588660e+00  1.8592988129e+31  2.3624694343e+30
  2.6095732600e+00  3.0018903931e+31  1.9390492403e+30
  2.6152876540e+00  4.2019758874e+31  1.4503334672e+30
  2.6210020480e+00  5.2592559357e+31  9.7472149773e+29
  2.6267164420e+00  5.9968982699e+31  5.8666885503e+29
  2.6324308360e+00  6.2908167221e+31  3.4464538574e+29
  2.6381452300e+00  6.0902858951e+31  2.8197350765e+29
  2.6438596240e+00  5.4264619727e+31  4.0196945969e+29
  2.6495740180e+00  4.4073711367e+31  6.7808075147e+29
  2.6552884120e+00  3.2001619484e+31  1.0588868257e+30
  2.6610028060e+00  2.0035279427e+31  1.4770430666e+30
  2.6667172000e+00  1.0148420298e+31  1.8606272880e+30
  2.6724315940e+00  3.9743284355e+30  2.1449898864e+30
  2.6781459880e+00  2.5342530316e+30  2.2831665674e+30
  2.6838603820e+00  6.0666163435e+30  2.2531864376e+30
  2.6895747760e+00  1.3985619265e+31  2.0611475391e+30
  2.6952891700e+00  2.4976469597e+31  1.7396438181e+30
  2.7010035640e+00  3.7211828848e+31  1.3418930920e+30
  2.7067179580e+00  4.8653920798e+31  9.3260938656e+29
  2.7124323520e+00  5.7392421465e+31  5.7717364352e+29
  2.7181467460e+00  6.1962151896e+31  3.3090466284e+29
  2.7238611400e+00  6.1587763886e+31  2.3018177693e+29
  2.7295755340e+00  5.6314552679e+31  2.8683583828e+29
  2.7352899280e+00  4.7003300649e+31  4.8666531067e+29
  2.7410043220e+00  3.5189562129e+31  7.9224480391e+29
  2.7467187160e+00  2.2830319970e+31  1.1494889227e+30
  2.7524331100e+00  1.1979739573e+31  1.4968299198e+30
  2.7581475040e+00  4.4476800414e+30  1.7754601903e+30
  2.7638618980e+00  1.4976851835e+30  1.9389432374e+30
  2.7695762920e+00  3.6348249198e+30  1.9606290567e+30
  2.7752906860e+00  1.0519007620e+31  1.8376956804e+30
  2.7810050800e+00  2.1018653023e+31  1.5912107065e+30
  2.7867194740e+00  3.3396325066e+31  1.2622685359e+30
  2.7924338680e+00  4.5595935736e+31  9.0490112118e+29
  2.7981482620e+00  5.5584106950e+31  5.7697764541e+29
  2.8038626560e+00  6.1689070370e+31  3.3061898369e+29
  2.8095770500e+00  6.2880660597e+31  2.0370847808e+29
  2.8152914440e+00  5.8944527563e+31  2.1387625628e+29
  2.8210058380e+00  5.0521108539e+31  3.5590741133e+29
  2.8267202320e+00  3.9002296201e+31  6.0294806128e+29
  2.8324346260e+00  2.6302411421e+31  9.1125421933e+29
  2.8381490200e+00  1.4541102889e+31  1.2276503684e+30
  2.8438634140e+00  5.6906391064e+30  1.4984316506e+30
  2.8495778080e+00  1.2462306393e+30  1.6782245770e+30
  2.8552922020e+00  1.9744523882e+30  1.7373490420e+30
  2.8610065960e+00  7.7820742705e+30  1.6664912032e+30
  2.8667209900e+00  1.7727735241e+31  1.4779554141e+30
  2.8724353840e+00  3.0175186191e+31  1.2033360078e+30
  2.8781497780e+00  4.3063213850e+31  8.8804081647e+29
  2.8838641720e+00  5.4247776302e+31  5.8361055516e+29
  2.8895785660e+00  6.1859615764e+31  3.3912851142e+29
  2.8952929600e+00  6.4617748016e+31  1.9314789328e+29
  2.9010073540e+00  6.2046287312e+31  1.6746062328e+29
  2.9067217480e+00  5.4557925542e+31  2.6371132308e+29
  2.9124361420e+00  4.3389446825e+31  4.6337901052e+29
  2.9181505360e+00  3.0399276943e+31  7.3108773763e+29
  2.9238649300e+00  1.7760148552e+31  1.0206593199e+30
  2.9295793240e+00  7.5976487868e+30  1.2828764506e+30
  2.9352937180e+00  1.6347253490e+30  1.4736548361e+30
  2.9410081120e+00  9.0156022279e+29  1.5612708684e+30
  2.9467225060e+00  5.5596321742e+30  1.5314628324e+30
  2.9524369000e+00  1.4869990922e+31  1.3895879579e+30
  2.9581512940e+00  2.7311848131e+31  1.1595125971e+30
  2.9638656880e+00  4.0832516270e+31  8.7945546156e+29
  2.9695800820e+00  5.3187675297e+31  5.9550425997e+29
  2.9752944760e+00  6.2315618645e+31  3.5390224843e+29
  2.9810088700e+00  6.6683123557e+31  1.9339245931e+29
  2.9867232640e+00  6.5544965147e+31  1.3888415085e+29
  2.9924376580e+00  5.9073180761e+31  1.9747437661e+29
  2.9981520520e+00  4.8333697112e+31  3.5745786202e+29
  3.0038664460e+00  3.5113310394e+31  5.9045822747e+29
  3.0095808400e+00  2.1625043247e+31  8.5629652916e+29
  3.0152952340e+00  1.0140407480e+31  1.1097645780e+30
  3.0210096280e+00  2.6096231760e+30  1.3081638863e+30
  3.0267240220e+00  3.3324027029e+29  1.4183556124e+30
  3.0324384160e+00  3.7404131488e+30  1.4221597664e+30
  3.0381528100e+00  1.2311593919e+31  1.3192259017e+30
  3.0438672040e+00  2.4659498364e+31  1.1269238830e+30
  3.0495815980e+00  3.8755815384e+31  8.7730036633e+29
  3.0552959920e+00  5.2266670380e+31  6.1163160718e+29
  3.0610103860e+00  6.2941417731e+31  3.7349611914e+29
  3.0667247800e+00  6.8990049827e+31  2.0152742354e+29
  3.0724391740e+00  6.9385984339e+31  1.2304991096e+29
  3.0781535680e+00  6.4043053707e+31  1.4964426832e+29
  3.0838679620e+00  5.3836225888e+31  2.7536058893e+29
  3.0895823560e+00  4.0461529375e+31  4.7785289630e+29
  3.0952967500e+00  2.6157534982e+31  7.2222281795e+29
  3.1010111440e+00  1.3334072085e+31  9.6691325035e+29
  3.1067255380e+00  4.1697010536e+30  1.1706586649e+30
  3.1124399320e+00  2.4512319493e+29  1.2993316013e+30
  3.1181543260e+00  2.2741657837e+30  1.3315512198e+30
  3.1238687200e+00  9.9780804302e+30  1.2621336829e+30
  3.1295831140e+00  2.2125224583e+31  1.1028287893e+30
  3.1352975080e+00  3.6730663098e+31  8.8024119475e+29
  3.1410119020e+00  5.1383409389e+31  6.3130193537e+29
  3.1467262960e+00  6.3647417218e+31  3.9705934305e+29
  3.1524406900e+00  7.1469689773e+31  2.1583148204e+29
  3.1581550840e+00  7.3527190969e+31  1.1686065995e+29
  3.1638694780e+00  6.9453988617e+31  1.1551929400e+29
  3.1695838720e+00  5.9909684198e+31  2.1085187627e+29
  3.1752982660e+00  4.6476478155e+31  3.8584497888e+29
  3.1810126600e+00  3.1400830683e+31  6.1036210963e+29
  3.1867270540e+00  1.7221833154e+31  8.4623859185e+29
  3.1924414480e+00  6.3477058948e+30  1.0536765943e+30
  3.1981558420e+00  6.5099952659e+29  1.1978702609e+30
  3.2038702360e+00  1.1504866646e+30  1.2547595047e+30
  3.2095846300e+00  7.8337312010e+30  1.2149625197e+30
  3.2152990240e+00  1.9651169132e+31  1.0852451960e+30
  3.2210134180e+00  3.4684034278e+31  8.8729834857e+29
  3.2267278120e+00  5.0459346029e+31  6.5404194909e+29
  3.2324422060e+00  6.4360317011e+31  4.2408480764e+29
  3.2381566000e+00  7.4064134700e+31  2.3527076672e+29
  3.2438709940e+00  7.7933938592e+31  1.1838883318e+29
  3.2495853880e+00  7.5298904201e+31  9.2091397603e+28
  3.2552997820e+00  6.6574568035e+31  1.5985828060e+29
  3.2610141760e+00  5.3201921032e+31  3.0949999077e+29
  3.2667285700e+00  3.7414005819e+31  5.1526915776e+29
  3.2724429640e+00  2.1867744895e+31  7.4221546808e+29
  3.2781573580e+00  9.2016337771e+30  9.5204859725e+29
  3.2838717520e+00  1.5928658265e+30  1.1095268301e+30
  3.2895861460e+00  3.8816309302e+29  1.1883066371e+30
  3.2953005400e+00  5.8708491797e+30  1.1752833031e+30
  3.3010149340e+00  1.7204378500e+31  1.0727081803e+30
  3.3067293280e+00  3.2563283603e+31  8.9774108017e+29
  3.3124437220e+00  4.9431163271e+31  6.7952424306e+29
  3.3181581160e+00  6.5017144676e+31  4.5427591993e+29
  3.3238725100e+00  7.6721966008e+31  2.5922857678e+29
  3.3295869040e+00  8.2575910762e+31  1.2642515693e+29
  3.3353012980e+00  8.1574874595e+31  7.7406015322e+28
  3.3410156920e+00  7.3857293789e+31  1.1966661019e+29
  3.3467300860e+00  6.0690861234e+31  2.4546786568e+29
  3.3524444800e+00  4.4269593999e+31  4.3318744673e+29
  3.3581588740e+00  2.7353638483e+31  6.5097681785e+29
  3.3638732680e+00  1.2810869857e+31  8.6210636351e+29
  3.3695876620e+00  3.1363435400e+30  1.0311024551e+30
  3.3753020560e+00  3.0050169091e+28  1.1296520290e+30
  3.3810164500e+00  4.1043622244e+30  1.1412927590e+30
  3.3867308440e+00  1.4771439305e+31  1.0641125686e+30
  3.3924452380e+00  3.0331113911e+31  9.1101625142e+29
  3.3981596320e+00  4.8246321814e+31  7.0752337548e+29
  3.4038740260e+00  6.5561549372e+31  4.8747259848e+29
  3.4095884200e+00  7.9395361172e+31  2.8735468782e+29
  3.4153028140e+00  8.7425005934e+31  1.4022238293e+29
  3.4210172080e+00  8.8281673201e+31  7.0192604070e+28
  3.4267316020e+00  8.1789217597e+31  8.8454695680e+28
  3.4324459960e+00  6.9004818445e+31  1.9144485294e+29
  3.4381603900e+00  5.2052902664e+31  3.6148425358e+29
  3.4438747840e+00  3.3778281791e+31  5.6976734873e+29
  3.4495891780e+00  1.7275046592e+31  7.8119578466e+29
  3.4553035720e+00  5.3691533249e+30  9.6024752493e+29
  3.4610179660e+00  1.4114766730e+29  1.0769005827e+30
  3.4667323600e+00  2.5695547185e+30  1.1116243055e+30
  3.4724467540e+00  1.2355971970e+31  1.0586090270e+30
  3.4781611480e+00  2.7962977972e+31  9.2670041730e+29
  3.4838755420e+00  4.6860534854e+31  7.3788850470e+29
  3.4895899360e+00  6.5941512175e+31  5.2360903007e+29
  3.4953043300e+00  8.2038179741e+31  3.1947862717e+29
  3.5010187240e+00  9.2453899768e+31  1.5934481949e+29
  3.5067331180e+00  9.5420860207e+31  6.9644030075e+28
  3.5124475120e+00  9.0406239088e+31  6.5007347550e+28
  3.5181619060e+00  7.8213882583e+31  1.4584392813e+29
  3.5238763000e+00  6.0862401071e+31  2.9830090027e+29
  3.5295906940e+00  4.1257950098e+31  4.9660183279e+29
  3.5353050880e+00  2.2714628956e+31  7.0736943224e+29
  3.5410194820e+00  8.4015517043e+30  8.9520816302e+29
  3.5467338760e+00  8.0875238679e+29  1.0286137718e+30
  3.5524482700e+00  1.3218467892e+30  1.0852237990e+30
  3.5581626640e+00  9.9780090278e+30  1.0555346275e+30
  3.5638770580e+00  2.5446095494e+31  9.4446762391e+29
  3.5695914520e+00  4.5236527765e+31  7.7052643342e+29
  3.5753058460e+00  6.6108004267e+31  5.6268945389e+29
  3.5810202400e+00  8.4604706776e+31  3.5555891358e+29
  3.5867346340e+00  9.7635064683e+31  1.8357795880e+29
  3.5924490280e+00  1.0299524426e+32  7.5281524480e+28
  3.5981634220e+00  9.9748819512e+31  4.8539953179e+28
  3.6038778160e+00  8.8397330724e+31  1.0758767181e+29
  3.6095922100e+00  7.0810896190e+31  2.4233068018e+29
  3.6153066040e+00  4.9928041157e+31  4.3004604646e+29
  3.6210209980e+00  2.9272783997e+31  6.3918754932e+29
  3.6267353920e+00  1.2368231831e+31  8.3466058453e+29
  3.6324497860e+00  2.1441621269e+30  9.8368493124e+29
  3.6381641800e+00  4.3810522746e+29  1.0612666234e+30
  3.6438785740e+00  7.6747815825e+30  1.0543661096e+30
  3.6495929680e+00  2.2779672770e+31  9.6406800208e+29
  3.6553073620e+00  4.3343748422e+31  8.0539155225e+29
  3.6610217560e+00  6.6014340098e+31  6.0477481331e+29
  3.6667361500e+00  8.7048874642e+31  3.9565357184e+29
  3.6724505440e+00  1.0294012545e+32  2.1287382916e+29
  3.6781649380e+00  1.1100863409e+32  8.6870949077e+28
  3.6838793320e+00  1.0986234498e+32  3.8587197031e+28
  3.6895937260e+00  9.9644732956e+31  7.5975887774e+28
  3.6953081200e+00  8.2027402305e+31  1.9267537495e+29
  3.7010225140e+00  5.9945611916e+31  3.6907387886e+29
  3.7067369080e+00  3.7118381837e+31  5.7558709094e+29
  3.7124513020e+00  1.7431509650e+31  7.7760118023e+29
  3.7181656960e+00  4.2857357276e+30  9.4125586022e+29
  3.7238800900e+00  1.9285224060e+28  1.0391019244e+30
  3.7295944840e+00  5.5027197388e+30  1.0546885306e+30
  3.7353088780e+00  1.9976148277e+31  9.8531404469e+29
  3.7410232720e+00  4.1158877164e+31  8.4248068794e+29
  3.7467376660e+00  6.5616105189e+31  6.4997646747e+29
  3.7524520600e+00  8.9323875163e+31  4.3990398784e+29
  3.7581664540e+00  1.0833949394e+32  2.4731865102e+29
  3.7638808480e+00  1.1946585079e+32  1.0437121083e+29
  3.7695952420e+00  1.2079782787e+32  3.4932818391e+28
  3.7753096360e+00  1.1205755670e+32  5.0600624035e+28
  3.7810240300e+00  9.4659724327e+31  1.4875196372e+29
  3.7867384240e+00  7.1492861505e+31  3.1297345702e+29
  3.7924528180e+00  4.6450152002e+31  5.1579493881e+29
  3.7981672120e+00  2.3785814189e+31  7.2327316264e+29
  3.8038816060e+00  7.4033192977e+30  9.0066091978e+29
=======
  9.5239900000e-01  5.7907115189e+29  2.0175856583e+27
  9.6573258600e-01  6.1471406072e+29  2.1359161564e+27
  9.7906617200e-01  6.5226111518e+29  2.2594739571e+27
  9.9239975800e-01  6.9180835731e+29  2.3885947185e+27
  1.0057333440e+00  7.3345679586e+29  2.5235639060e+27
  1.0190669300e+00  7.7731251884e+29  2.6645125394e+27
  1.0324005160e+00  8.2348688860e+29  2.8114465649e+27
  1.0457341020e+00  8.7209688663e+29  2.9643971484e+27
  1.0590676880e+00  9.2326555764e+29  3.1235677753e+27
  1.0724012740e+00  9.7712241650e+29  3.2893443356e+27
  1.0857348600e+00  1.0338037101e+30  3.4621454694e+27
  1.0990684460e+00  1.0934525544e+30  3.6422332902e+27
  1.1124020320e+00  1.1562190906e+30  3.8296524300e+27
  1.1257356180e+00  1.2222608116e+30  4.0243654079e+27
  1.1390692040e+00  1.2917430813e+30  4.2264810305e+27
  1.1524027900e+00  1.3648397041e+30  4.4363784346e+27
  1.1657363760e+00  1.4417333514e+30  4.6546051210e+27
  1.1790699620e+00  1.5226157605e+30  4.8816203007e+27
  1.1924035480e+00  1.6076878242e+30  5.1176013620e+27
  1.2057371340e+00  1.6971597974e+30  5.3624944413e+27
  1.2190707200e+00  1.7912517679e+30  5.6162863969e+27
  1.2324043060e+00  1.8901943104e+30  5.8792737557e+27
  1.2457378920e+00  1.9942290676e+30  6.1520867583e+27
  1.2590714780e+00  2.1036090262e+30  6.4354257450e+27
  1.2724050640e+00  2.2185984941e+30  6.7297225140e+27
  1.2857386500e+00  2.3394730262e+30  7.0350256880e+27
  1.2990722360e+00  2.4665195948e+30  7.3512338557e+27
  1.3124058220e+00  2.6000370747e+30  7.6784983230e+27
  1.3257394080e+00  2.7403368002e+30  8.0174495263e+27
  1.3390729940e+00  2.8877428109e+30  8.3690300672e+27
  1.3524065800e+00  3.0425915806e+30  8.7340523716e+27
  1.3657401660e+00  3.2052313902e+30  9.1128565029e+27
  1.3790737520e+00  3.3760217473e+30  9.5053856363e+27
  1.3924073380e+00  3.5553331537e+30  9.9116487011e+27
  1.4057409240e+00  3.7435471207e+30  1.0332189961e+28
  1.4190745100e+00  3.9410559677e+30  1.0768147688e+28
  1.4324080960e+00  4.1482619274e+30  1.1220818246e+28
  1.4457416820e+00  4.3655754688e+30  1.1691078744e+28
  1.4590752680e+00  4.5934132266e+30  1.2179177437e+28
  1.4724088540e+00  4.8321960779e+30  1.2685113458e+28
  1.4857424400e+00  5.0823475681e+30  1.3209317723e+28
  1.4990760260e+00  5.3442923084e+30  1.3753053996e+28
  1.5124096120e+00  5.6184536364e+30  1.4318163061e+28
  1.5257431980e+00  5.9052500608e+30  1.4906331128e+28
  1.5390767840e+00  6.2050906499e+30  1.5518504579e+28
  1.5524103700e+00  6.5183700480e+30  1.6154992374e+28
  1.5657439560e+00  6.8454637421e+30  1.6816225521e+28
  1.5790775420e+00  7.1867235612e+30  1.7503552679e+28
  1.5924111280e+00  7.5424726776e+30  1.8219369268e+28
  1.6057447140e+00  7.9129992317e+30  1.8966418105e+28
  1.6190783000e+00  8.2985482883e+30  1.9746828174e+28
  1.6324118860e+00  8.6993127299e+30  2.0561737589e+28
  1.6457454720e+00  9.1154241461e+30  2.1411891298e+28
  1.6590790580e+00  9.5469443688e+30  2.2298762827e+28
  1.6724126440e+00  9.9938573376e+30  2.3225244319e+28
  1.6857462300e+00  1.0456060263e+31  2.4195258808e+28
  1.6990798160e+00  1.0933353268e+31  2.5212560615e+28
  1.7124134020e+00  1.1425427742e+31  2.6279736194e+28
  1.7257469880e+00  1.1931854719e+31  2.7398317914e+28
  1.7390805740e+00  1.2452074797e+31  2.8569999243e+28
  1.7524141600e+00  1.2985390220e+31  2.9797952215e+28
  1.7657477460e+00  1.3530958470e+31  3.1087074849e+28
  1.7790813320e+00  1.4087786152e+31  3.2442856924e+28
  1.7924149180e+00  1.4654722724e+31  3.3869760416e+28
  1.8057485040e+00  1.5230455067e+31  3.5370514137e+28
  1.8190820900e+00  1.5813504988e+31  3.6947014846e+28
  1.8324156760e+00  1.6402231365e+31  3.8602144410e+28
  1.8457492620e+00  1.6994837092e+31  4.0340935554e+28
  1.8590828480e+00  1.7589379417e+31  4.2169971351e+28
  1.8724164340e+00  1.8183782042e+31  4.4095388496e+28
  1.8857500200e+00  1.8775848620e+31  4.6121129233e+28
  1.8990836060e+00  1.9363279096e+31  4.8248996787e+28
  1.9124171920e+00  1.9943690973e+31  5.0480584778e+28
  1.9257507780e+00  2.0514646384e+31  5.2819484152e+28
  1.9390843640e+00  2.1073683568e+31  5.5271793587e+28
  1.9524179500e+00  2.1618349762e+31  5.7844312305e+28
  1.9657515360e+00  2.2146232903e+31  6.0541811660e+28
  1.9790851220e+00  2.2654991622e+31  6.3365720097e+28
  1.9924187080e+00  2.3142385026e+31  6.6315491698e+28
  2.0057522940e+00  2.3606303924e+31  6.9391646974e+28
  2.0190858800e+00  2.4044803208e+31  7.2597908085e+28
  2.0324194660e+00  2.4456132486e+31  7.5940450950e+28
  2.0457530520e+00  2.4838761147e+31  7.9424705316e+28
  2.0590866380e+00  2.5191395583e+31  8.3052355374e+28
  2.0724202240e+00  2.5512989437e+31  8.6821237839e+28
  2.0857538100e+00  2.5802749850e+31  9.0728485920e+28
  2.0990873960e+00  2.6060142162e+31  9.4774418397e+28
  2.1124209820e+00  2.6284892756e+31  9.8963812336e+28
  2.1257545680e+00  2.6476987116e+31  1.0330324979e+29
  2.1390881540e+00  2.6636660056e+31  1.0779660751e+29
  2.1524217400e+00  2.6764377869e+31  1.1244257430e+29
  2.1657553260e+00  2.6860815669e+31  1.1723659864e+29
  2.1790889120e+00  2.6926834664e+31  1.2217593780e+29
  2.1924224980e+00  2.6963462146e+31  1.2726362572e+29
  2.2057560840e+00  2.6971873152e+31  1.3250779688e+29
  2.2190896700e+00  2.6953370204e+31  1.3791662609e+29
  2.2324232560e+00  2.6909358451e+31  1.4349304070e+29
  2.2457568420e+00  2.6841317271e+31  1.4923389131e+29
  2.2590904280e+00  2.6750772875e+31  1.5513469433e+29
  2.2724240140e+00  2.6639276618e+31  1.6119622024e+29
  2.2857576000e+00  2.6508390240e+31  1.6742727299e+29
  2.2990911860e+00  2.6359674802e+31  1.7384092252e+29
  2.3124247720e+00  2.6194678390e+31  1.8044701695e+29
  2.3257583580e+00  2.6014920093e+31  1.8724730572e+29
  2.3390919440e+00  2.5821872563e+31  1.9423769371e+29
  2.3524255300e+00  2.5616948401e+31  2.0141620275e+29
  2.3657591160e+00  2.5401494244e+31  2.0879006752e+29
  2.3790927020e+00  2.5176791583e+31  2.1637564405e+29
  2.3924262880e+00  2.4944059061e+31  2.2419065932e+29
  2.4057598740e+00  2.4704450828e+31  2.3224505161e+29
  2.4190934600e+00  2.4459049876e+31  2.4053837850e+29
  2.4324270460e+00  2.4208860537e+31  2.4906659384e+29
  2.4457606320e+00  2.3954806115e+31  2.5783294687e+29
  2.4590942180e+00  2.3697734234e+31  2.6685371620e+29
  2.4724278040e+00  2.3438426685e+31  2.7615333099e+29
  2.4857613900e+00  2.3177607114e+31  2.8575237395e+29
  2.4990949760e+00  2.2915941907e+31  2.9565851077e+29
  2.5124285620e+00  2.2654035585e+31  3.0586858568e+29
  2.5257621480e+00  2.2392426987e+31  3.1638091057e+29
  2.5390957340e+00  2.2131592227e+31  3.2720770902e+29
  2.5524293200e+00  2.1871954969e+31  3.3837676643e+29
  2.5657629060e+00  2.1613898358e+31  3.4992001587e+29
  2.5790964920e+00  2.1357771329e+31  3.6185814259e+29
  2.5924300780e+00  2.1103886534e+31  3.7419450875e+29
  2.6057636640e+00  2.0852514112e+31  3.8692450880e+29
  2.6190972500e+00  2.0603879179e+31  4.0005332462e+29
  2.6324308360e+00  2.0358167876e+31  4.1360709123e+29
  2.6457644220e+00  2.0115539571e+31  4.2762713539e+29
  2.6590980080e+00  1.9876137281e+31  4.4215108848e+29
  2.6724315940e+00  1.9640089535e+31  4.5719656433e+29
  2.6857651800e+00  1.9407503808e+31  4.7276206026e+29
  2.6990987660e+00  1.9178458818e+31  4.8884568438e+29
  2.7124323520e+00  1.8953004059e+31  5.0546661740e+29
  2.7257659380e+00  1.8731168916e+31  5.2267061378e+29
  2.7390995240e+00  1.8512975412e+31  5.4051347087e+29
  2.7524331100e+00  1.8298445198e+31  5.5903538511e+29
  2.7657666960e+00  1.8087595850e+31  5.7824820135e+29
  2.7791002820e+00  1.7880430504e+31  5.9814792916e+29
  2.7924338680e+00  1.7676930605e+31  6.1874356005e+29
  2.8057674540e+00  1.7477059189e+31  6.4007809018e+29
  2.8191010400e+00  1.7280773171e+31  6.6222260490e+29
  2.8324346260e+00  1.7088035218e+31  6.8524656180e+29
  2.8457682120e+00  1.6898815716e+31  7.0918872703e+29
  2.8591017980e+00  1.6713083422e+31  7.3405464766e+29
  2.8724353840e+00  1.6530793110e+31  7.5984519243e+29
  2.8857689700e+00  1.6351881341e+31  7.8659357501e+29
  2.8991025560e+00  1.6176274868e+31  8.1437890305e+29
  2.9124361420e+00  1.6003905360e+31  8.4330243291e+29
  2.9257697280e+00  1.5834718351e+31  8.7344459528e+29
  2.9391033140e+00  1.5668668804e+31  9.0483942003e+29
  2.9524369000e+00  1.5505706934e+31  9.3749067795e+29
  2.9657704860e+00  1.5345766508e+31  9.7141916473e+29
  2.9791040720e+00  1.5188766159e+31  1.0067020609e+30
  2.9924376580e+00  1.5034623362e+31  1.0434689928e+30
  3.0057712440e+00  1.4883269657e+31  1.0818547824e+30
  3.0191048300e+00  1.4734654136e+31  1.1219473099e+30
  3.0324384160e+00  1.4588731821e+31  1.1637766228e+30
  3.0457720020e+00  1.4445446565e+31  1.2073588945e+30
  3.0591055880e+00  1.4304723278e+31  1.2527613775e+30
  3.0724391740e+00  1.4166476780e+31  1.3001328786e+30
  3.0857727600e+00  1.4030630401e+31  1.3496699684e+30
  3.0991063460e+00  1.3897128629e+31  1.4015435807e+30
  3.1124399320e+00  1.3765932579e+31  1.4558481209e+30
  3.1257735180e+00  1.3637001541e+31  1.5126209059e+30
  3.1391071040e+00  1.3510276163e+31  1.5719216744e+30
  3.1524406900e+00  1.3385678119e+31  1.6339075906e+30
  3.1657742760e+00  1.3263127366e+31  1.6988372107e+30
  3.1791078620e+00  1.3142562771e+31  1.7669939029e+30
  3.1924414480e+00  1.3023948246e+31  1.8385900658e+30
  3.2057750340e+00  1.2907258356e+31  1.9137365083e+30
  3.2191086200e+00  1.2792455073e+31  1.9925115181e+30
  3.2324422060e+00  1.2679475674e+31  2.0750787805e+30
  3.2457757920e+00  1.2568242992e+31  2.1617549207e+30
  3.2591093780e+00  1.2458690183e+31  2.2529626908e+30
  3.2724429640e+00  1.2350779014e+31  2.3491015652e+30
  3.2857765500e+00  1.2244495304e+31  2.4504445077e+30
  3.2991101360e+00  1.2139824383e+31  2.5571574842e+30
  3.3124437220e+00  1.2036727197e+31  2.6694387720e+30
  3.3257773080e+00  1.1935138175e+31  2.7876680546e+30
  3.3391108940e+00  1.1834987981e+31  2.9124353398e+30
  3.3524444800e+00  1.1736232485e+31  3.0444137407e+30
  3.3657780660e+00  1.1638862796e+31  3.1841762189e+30
  3.3791116520e+00  1.1542886535e+31  3.3321175641e+30
  3.3924452380e+00  1.1448295365e+31  3.4885665848e+30
  3.4057788240e+00  1.1355046829e+31  3.6540129754e+30
  3.4191124100e+00  1.1263077520e+31  3.8292627750e+30
  3.4324459960e+00  1.1172337890e+31  4.0153800378e+30
  3.4457795820e+00  1.1082819263e+31  4.2134484507e+30
  3.4591131680e+00  1.0994548826e+31  4.4243526648e+30
  3.4724467540e+00  1.0907555273e+31  4.6487854141e+30
  3.4857803400e+00  1.0821834081e+31  4.8875090000e+30
  3.4991139260e+00  1.0737343546e+31  5.1416758201e+30
  3.5124475120e+00  1.0654037399e+31  5.4129373457e+30
  3.5257810980e+00  1.0571907657e+31  5.7032295691e+30
  3.5391146840e+00  1.0491000602e+31  6.0144017628e+30
  3.5524482700e+00  1.0411390299e+31  6.3480192592e+30
  3.5657818560e+00  1.0333131034e+31  6.7055586035e+30
  3.5791154420e+00  1.0256230438e+31  7.0888907827e+30
  3.5924490280e+00  1.0180669634e+31  7.5006780170e+30
  3.6057826140e+00  1.0106456612e+31  7.9443414328e+30
  3.6191162000e+00  1.0033668427e+31  8.4236022416e+30
  3.6324497860e+00  9.9624446935e+30  8.9419895958e+30
  3.6457833720e+00  9.8929360542e+30  9.5027991303e+30
  3.6591169580e+00  9.8252523914e+30  1.0109654185e+31
  3.6724505440e+00  9.7594596687e+30  1.0767306392e+31
  3.6857841300e+00  9.6956347340e+30  1.1482051844e+31
  3.6991177160e+00  9.6339362376e+30  1.2261405715e+31
  3.7124513020e+00  9.5746322560e+30  1.3113310125e+31
  3.7257848880e+00  9.5180600624e+30  1.4045632775e+31
  3.7391184740e+00  9.4645538901e+30  1.5066589101e+31
  3.7524520600e+00  9.4144100717e+30  1.6186006033e+31
  3.7657856460e+00  9.3679326490e+30  1.7416593021e+31
  3.7791192320e+00  9.3255346654e+30  1.8774270695e+31
  3.7924528180e+00  9.2878187304e+30  2.0277341413e+31
  3.8057864040e+00  9.2555740519e+30  2.1945350338e+31
  3.8191199900e+00  9.2297004807e+30  2.3798974625e+31
  3.8324535760e+00  9.2111424536e+30  2.5861645593e+31
  3.8457871620e+00  9.2009203733e+30  2.8162222474e+31
  3.8591207480e+00  9.2002717724e+30  3.0737012944e+31
  3.8724543340e+00  9.2108195924e+30  3.3629772625e+31
  3.8857879200e+00  9.2346559628e+30  3.6889970306e+31
  3.8991215060e+00  9.2743026801e+30  4.0571326482e+31
  3.9124550920e+00  9.3326295948e+30  4.4732841651e+31
  3.9257886780e+00  9.4128721690e+30  4.9442671114e+31
  3.9391222640e+00  9.5188215744e+30  5.4782454172e+31
  3.9524558500e+00  9.6551053858e+30  6.0848290110e+31
  3.9657894360e+00  9.8273622348e+30  6.7745952741e+31
  3.9791230220e+00  1.0042148367e+31  7.5581353269e+31
  3.9924566080e+00  1.0306578588e+31  8.4449770154e+31
  4.0057901940e+00  1.0627843148e+31  9.4426036258e+31
  4.0191237800e+00  1.1012686185e+31  1.0555255570e+32
  4.0324573660e+00  1.1466666461e+31  1.1781652447e+32
  4.0457909520e+00  1.1992760041e+31  1.3110793509e+32
  4.0591245380e+00  1.2588928220e+31  1.4515953007e+32
  4.0724581240e+00  1.3244834526e+31  1.5948638241e+32
  4.0857917100e+00  1.3938763911e+31  1.7335727995e+32
  4.0991252960e+00  1.4636449029e+31  1.8583153505e+32
  4.1124588820e+00  1.5293375851e+31  1.9587718849e+32
  4.1257924680e+00  1.5861021593e+31  2.0255416345e+32
  4.1391260540e+00  1.6295767985e+31  2.0521306890e+32
  4.1524596400e+00  1.6567785737e+31  2.0364447105e+32
  4.1657932260e+00  1.6666840637e+31  1.9812519142e+32
  4.1791268120e+00  1.6603028999e+31  1.8934449162e+32
  4.1924603980e+00  1.6402444670e+31  1.7823769706e+32
  4.2057939840e+00  1.6099716937e+31  1.6578690794e+32
  4.2191275700e+00  1.5730285886e+31  1.5285347868e+32
  4.2324611560e+00  1.5324834847e+31  1.4008465463e+32
  4.2457947420e+00  1.4906879077e+31  1.2790056698e+32
  4.2591283280e+00  1.4492986407e+31  1.1653662150e+32
  4.2724619140e+00  1.4094265941e+31  1.0610386689e+32
  4.2857955000e+00  1.3717862483e+31  9.6637915012e+31
  4.2991290860e+00  1.3367902494e+31  8.8126039909e+31
  4.3124626720e+00  1.3046042150e+31  8.0518939184e+31
  4.3257962580e+00  1.2752025559e+31  7.3739538174e+31
  4.3391298440e+00  1.2484448348e+31  6.7696188709e+31
  4.3524634300e+00  1.2241558014e+31  6.2298569978e+31
  4.3657970160e+00  1.2021764748e+31  5.7469366474e+31
  4.3791306020e+00  1.1823701169e+31  5.3146650422e+31
  4.3924641880e+00  1.1645982342e+31  4.9278163073e+31
  4.4057977740e+00  1.1486997436e+31  4.5813769223e+31
  4.4191313600e+00  1.1344968314e+31  4.2702356105e+31
  4.4324649460e+00  1.1218237887e+31  3.9894873058e+31
  4.4457985320e+00  1.1105541052e+31  3.7350035185e+31
  4.4591321180e+00  1.1006031954e+31  3.5037439690e+31
  4.4724657040e+00  1.0919057018e+31  3.2935425091e+31
  4.4857992900e+00  1.0843877189e+31  3.1025443645e+31
  4.4991328760e+00  1.0779573171e+31  2.9287339548e+31
  4.5124664620e+00  1.0725197999e+31  2.7698836465e+31
  4.5258000480e+00  1.0680026064e+31  2.6238932492e+31
  4.5391336340e+00  1.0643671830e+31  2.4891848991e+31
  4.5524672200e+00  1.0615973332e+31  2.3648054285e+31
  4.5658008060e+00  1.0596742691e+31  2.2501545277e+31
  4.5791343920e+00  1.0585597779e+31  2.1445677037e+31
  4.5924679780e+00  1.0582013050e+31  2.0470861860e+31
  4.6058015640e+00  1.0585534794e+31  1.9565736460e+31
  4.6191351500e+00  1.0595965762e+31  1.8720495785e+31
  4.6324687360e+00  1.0613355769e+31  1.7929432704e+31
  4.6458023220e+00  1.0637807056e+31  1.7190568261e+31
  4.6591359080e+00  1.0669264338e+31  1.6502769741e+31
  4.6724694940e+00  1.0707470314e+31  1.5862795324e+31
  4.6858030800e+00  1.0752121212e+31  1.5264639460e+31
  4.6991366660e+00  1.0803082612e+31  1.4701548654e+31
  4.7124702520e+00  1.0860474932e+31  1.4168871263e+31
  4.7258038380e+00  1.0924553497e+31  1.3665313221e+31
  4.7391374240e+00  1.0995488176e+31  1.3191602897e+31
  4.7524710100e+00  1.1073235009e+31  1.2747755085e+31
  4.7658045960e+00  1.1157611417e+31  1.2331234788e+31
  4.7791381820e+00  1.1248508357e+31  1.1937486090e+31
  4.7924717680e+00  1.1346052937e+31  1.1562277202e+31
  4.8058053540e+00  1.1450578165e+31  1.1203828852e+31
  4.8191389400e+00  1.1562425276e+31  1.0862947693e+31
  4.8324725260e+00  1.1681751337e+31  1.0541107679e+31
  4.8458061120e+00  1.1808511387e+31  1.0238133897e+31
  4.8591396980e+00  1.1942632440e+31  9.9514245875e+30
  4.8724732840e+00  1.2084228086e+31  9.6773078382e+30
  4.8858068700e+00  1.2233665118e+31  9.4133312086e+30
  4.8991404560e+00  1.2391421682e+31  9.1595358812e+30
  4.9124740420e+00  1.2557859454e+31  8.9176667919e+30
  4.9258076280e+00  1.2733110090e+31  8.6890243926e+30
  4.9391412140e+00  1.2917178705e+31  8.4727865174e+30
  4.9524748000e+00  1.3110177380e+31  8.2661955278e+30
  4.9658083860e+00  1.3312485215e+31  8.0664121582e+30
  4.9791419720e+00  1.3524692330e+31  7.8724415455e+30
  4.9924755580e+00  1.3747373331e+31  7.6855054028e+30
  5.0058091440e+00  1.3980887805e+31  7.5075695056e+30
  5.0191427300e+00  1.4225386263e+31  7.3392937201e+30
  5.0324763160e+00  1.4481022505e+31  7.1791399314e+30
  5.0458099020e+00  1.4748190502e+31  7.0243734347e+30
  5.0591434880e+00  1.5027577206e+31  6.8730867064e+30
  5.0724770740e+00  1.5319980179e+31  6.7255216069e+30
  5.0858106600e+00  1.5626046272e+31  6.5835772354e+30
  5.0991442460e+00  1.5946162672e+31  6.4489352829e+30
  5.1124778320e+00  1.6280603767e+31  6.3214005282e+30
  5.1258114180e+00  1.6629813371e+31  6.1988598066e+30
  5.1391450040e+00  1.6994577456e+31  6.0788827164e+30
  5.1524785900e+00  1.7375931411e+31  5.9605961461e+30
  5.1658121760e+00  1.7774876650e+31  5.8452394429e+30
  5.1791457620e+00  1.8192154210e+31  5.7349328492e+30
  5.1924793480e+00  1.8628281938e+31  5.6307099208e+30
  5.2058129340e+00  1.9083835317e+31  5.5314872863e+30
  5.2191465200e+00  1.9559734031e+31  5.4348462385e+30
  5.2324801060e+00  2.0057281476e+31  5.3389598981e+30
  5.2458136920e+00  2.0577914270e+31  5.2440252688e+30
  5.2591472780e+00  2.1122876211e+31  5.1519792190e+30
  5.2724808640e+00  2.1693108568e+31  5.0647362681e+30
  5.2858144500e+00  2.2289469125e+31  4.9824458218e+30
  5.2991480360e+00  2.2913104045e+31  4.9032550733e+30
  5.3124816220e+00  2.3565651740e+31  4.8247863501e+30
  5.3258152080e+00  2.4249092758e+31  4.7460763450e+30
  5.3391487940e+00  2.4965367585e+31  4.6683233178e+30
  5.3524823800e+00  2.5716098942e+31  4.5937952889e+30
  5.3658159660e+00  2.6502679817e+31  4.5238183460e+30
  5.3791495520e+00  2.7326675308e+31  4.4575576808e+30
  5.3924831380e+00  2.8190202692e+31  4.3926413717e+30
  5.4058167240e+00  2.9095955477e+31  4.3271109123e+30
  5.4191503100e+00  3.0046838312e+31  4.2610419458e+30
  5.4324838960e+00  3.1045527880e+31  4.1964426767e+30
  5.4458174820e+00  3.2094361025e+31  4.1354959909e+30
  5.4591510680e+00  3.3195682675e+31  4.0786311850e+30
  5.4724846540e+00  3.4352382074e+31  4.0240769900e+30
  5.4858182400e+00  3.5568160659e+31  3.9693005641e+30
  5.4991518260e+00  3.6847288382e+31  3.9131252638e+30
  5.5124854120e+00  3.8194051285e+31  3.8567187956e+30
  5.5258189980e+00  3.9612386197e+31  3.8025838400e+30
  5.5391525840e+00  4.1106065232e+31  3.7523842028e+30
  5.5524861700e+00  4.2679324315e+31  3.7054548837e+30
  5.5658197560e+00  4.4337424618e+31  3.6592906507e+30
  5.5791533420e+00  4.6086662376e+31  3.6116311101e+30
  5.5924869280e+00  4.7933807940e+31  3.5623791475e+30
  5.6058205140e+00  4.9885471735e+31  3.5136965635e+30
  5.6191541000e+00  5.1948001609e+31  3.4681547202e+30
  5.6324876860e+00  5.4128086084e+31  3.4264907121e+30
  5.6458212720e+00  5.6433618139e+31  3.3868951253e+30
  5.6591548580e+00  5.8874108468e+31  3.3464827530e+30
  5.6724884440e+00  6.1460293252e+31  3.3037308493e+30
  5.6858220300e+00  6.4203287625e+31  3.2598039248e+30
  5.6991556160e+00  6.7114083545e+31  3.2175909697e+30
  5.7124892020e+00  7.0203954369e+31  3.1792249490e+30
  5.7258227880e+00  7.3485564432e+31  3.1441869935e+30
  5.7391563740e+00  7.6973935778e+31  3.1096522690e+30
  5.7524899600e+00  8.0686490407e+31  3.0728446794e+30
  5.7658235460e+00  8.4642168167e+31  3.0334226648e+30
  5.7791571320e+00  8.8860474986e+31  2.9938300760e+30
  5.7924907180e+00  9.3361477109e+31  2.9572422617e+30
  5.8058243040e+00  9.8167014578e+31  2.9248086708e+30
  5.8191578900e+00  1.0330234892e+32  2.8945602801e+30
  5.8324914760e+00  1.0879701501e+32  2.8629884321e+30
  5.8458250620e+00  1.1468427952e+32  2.8280197966e+30
  5.8591586480e+00  1.2099985225e+32  2.7908538415e+30
  5.8724922340e+00  1.2778128721e+32  2.7550221872e+30
  5.8858258200e+00  1.3506908290e+32  2.7233800530e+30
  5.8991594060e+00  1.4290910879e+32  2.6955657491e+30
  5.9124929920e+00  1.5135480159e+32  2.6681597089e+30
  5.9258265780e+00  1.6046769114e+32  2.6375178383e+30
  5.9391601640e+00  1.7031627124e+32  2.6029240576e+30
  5.9524937500e+00  1.8097485749e+32  2.5673256884e+30
  5.9658273360e+00  1.9252441350e+32  2.5348997448e+30
  5.9791609220e+00  2.0505592360e+32  2.5074281837e+30
  5.9924945080e+00  2.1867481892e+32  2.4825935977e+30
  6.0058280940e+00  2.3350403779e+32  2.4557806481e+30
  6.0191616800e+00  2.4968451639e+32  2.4239832591e+30
  6.0324952660e+00  2.6737443900e+32  2.3885036211e+30
  6.0458288520e+00  2.8675029999e+32  2.3540117503e+30
  6.0591624380e+00  3.0801208120e+32  2.3245908636e+30
  6.0724960240e+00  3.3139199677e+32  2.3000715799e+30
  6.0858296100e+00  3.5716364780e+32  2.2758942603e+30
  6.0991631960e+00  3.8564852031e+32  2.2468315379e+30
  6.1124967820e+00  4.1721991324e+32  2.2115295793e+30
  6.1258303680e+00  4.5230823690e+32  2.1739150084e+30
  6.1391639540e+00  4.9141284343e+32  2.1400193536e+30
  6.1524975400e+00  5.3512272561e+32  2.1127172924e+30
  6.1658311260e+00  5.8414364737e+32  2.0888894713e+30
  6.1791647120e+00  6.3932681699e+32  2.0616996359e+30
  6.1924982980e+00  7.0169702732e+32  2.0263474242e+30
  6.2058318840e+00  7.7248502036e+32  1.9844511644e+30
  6.2191654700e+00  8.5317472865e+32  1.9430454798e+30
  6.2324990560e+00  9.4557624982e+32  1.9086356016e+30
  6.2458326420e+00  1.0519298400e+33  1.8811929881e+30
  6.2591662280e+00  1.1750405632e+33  1.8534687849e+30
  6.2724998140e+00  1.3184452166e+33  1.8167495399e+30
  6.2858334000e+00  1.4866263602e+33  1.7685128055e+30
  6.2991669860e+00  1.6853088651e+33  1.7152615329e+30
  6.3125005720e+00  1.9218941293e+33  1.6674312404e+30
  6.3258341580e+00  2.2061018073e+33  1.6300811972e+30
  6.3391677440e+00  2.5509063156e+33  1.5973735979e+30
  6.3525013300e+00  2.9738967747e+33  1.5564546721e+30
  6.3658349160e+00  3.4992836330e+33  1.4985492149e+30
  6.3791685020e+00  4.1609543891e+33  1.4281285346e+30
  6.3925020880e+00  5.0072835570e+33  1.3613166535e+30
  6.4058356740e+00  6.1089001981e+33  1.3132037997e+30
  6.4191692600e+00  7.5714585619e+33  1.2842934714e+30
  6.4325028460e+00  9.5569032430e+33  1.2599388225e+30
  6.4458364320e+00  1.2319034886e+34  1.2288115846e+30
  6.4591700180e+00  1.6261777714e+34  1.2117585446e+30
  6.4725036040e+00  2.2025605933e+34  1.2821662858e+30
  6.4858371900e+00  3.0568990243e+34  1.5625874628e+30
  6.4991707760e+00  4.3018024933e+34  2.1962405129e+30
  6.5125043620e+00  5.9436926092e+34  3.2876196996e+30
  6.5258379480e+00  7.5318435663e+34  4.7492005543e+30
  6.5391715340e+00  8.0403426213e+34  6.0893889928e+30
  6.5525051200e+00  7.0698228997e+34  6.7241050829e+30
  6.5658387060e+00  5.4815300224e+34  6.6254315431e+30
  6.5791722920e+00  4.0680482940e+34  6.1161871634e+30
  6.5925058780e+00  3.0289278189e+34  5.4740937556e+30
  6.6058394640e+00  2.3040814142e+34  4.8756397349e+30
  6.6191730500e+00  1.7984566942e+34  4.4125867989e+30
  6.6325066360e+00  1.4391022337e+34  4.0966669758e+30
  6.6458402220e+00  1.1774845482e+34  3.8811168642e+30
  6.6591738080e+00  9.8233711817e+33  3.7029409845e+30
  6.6725073940e+00  8.3344265758e+33  3.5230277356e+30
  6.6858409800e+00  7.1750687564e+33  3.3411171616e+30
  6.6991745660e+00  6.2559509372e+33  3.1813669460e+30
  6.7125081520e+00  5.5155957009e+33  3.0643726341e+30
  6.7258417380e+00  4.9107124269e+33  2.9881010099e+30
  6.7391753240e+00  4.4101813766e+33  2.9301118046e+30
  6.7525089100e+00  3.9912498120e+33  2.8659042339e+30
  6.7658424960e+00  3.6370470180e+33  2.7868838496e+30
  6.7791760820e+00  3.3348881961e+33  2.7039311833e+30
  6.7925096680e+00  3.0750781202e+33  2.6354015098e+30
  6.8058432540e+00  2.8500690962e+33  2.5906839197e+30
  6.8191768400e+00  2.6538902049e+33  2.5627903629e+30
  6.8325104260e+00  2.4817750849e+33  2.5349840001e+30
  6.8458440120e+00  2.3299117176e+33  2.4948163676e+30
  6.8591775980e+00  2.1952484966e+33  2.4435873836e+30
  6.8725111840e+00  2.0753215384e+33  2.3939093332e+30
  6.8858447700e+00  1.9681026917e+33  2.3582420362e+30
  6.8991783560e+00  1.8718853354e+33  2.3383923324e+30
  6.9125119420e+00  1.7852180473e+33  2.3245051438e+30
  6.9258455280e+00  1.7068753215e+33  2.3037669386e+30
  6.9391791140e+00  1.6358394189e+33  2.2710687602e+30
  6.9525127000e+00  1.5712709395e+33  2.2327139523e+30
  6.9658462860e+00  1.5124643853e+33  2.2004741685e+30
  6.9791798720e+00  1.4588033545e+33  2.1814073130e+30
  6.9925134580e+00  1.4097337854e+33  2.1720927629e+30
  7.0058470440e+00  1.3647612197e+33  2.1618749323e+30
  7.0191806300e+00  1.3234608071e+33  2.1420223008e+30
  7.0325142160e+00  1.2854812565e+33  2.1129172385e+30
  7.0458478020e+00  1.2505318073e+33  2.0833454173e+30
  7.0591813880e+00  1.2183573360e+33  2.0627692760e+30
  7.0725149740e+00  1.1887173778e+33  2.0533014777e+30
  7.0858485600e+00  1.1613817225e+33  2.0481189682e+30
  7.0991821460e+00  1.1361416209e+33  2.0374472626e+30
  7.1125157320e+00  1.1128233100e+33  2.0168608041e+30
  7.1258493180e+00  1.0912897072e+33  1.9908505723e+30
  7.1391829040e+00  1.0714269896e+33  1.9687789311e+30
  7.1525164900e+00  1.0531258967e+33  1.9568211579e+30
  7.1658500760e+00  1.0362719567e+33  1.9527871322e+30
  7.1791836620e+00  1.0207511233e+33  1.9481325127e+30
  7.1925172480e+00  1.0064643564e+33  1.9353101643e+30
  7.2058508340e+00  9.9333751042e+32  1.9141391032e+30
  7.2191844200e+00  9.8131735730e+32  1.8918168473e+30
  7.2325180060e+00  9.7035662811e+32  1.8766725280e+30
  7.2458515920e+00  9.6040028206e+32  1.8710560559e+30
  7.2591851780e+00  9.5138401134e+32  1.8694092388e+30
  7.2725187640e+00  9.4324549405e+32  1.8630863268e+30
  7.2858523500e+00  9.3593815012e+32  1.8477440502e+30
  7.2991859360e+00  9.2943524354e+32  1.8269886670e+30
  7.3125195220e+00  9.2372059576e+32  1.8092159856e+30
  7.3258531080e+00  9.1877365938e+32  1.8003981721e+30
  7.3391866940e+00  9.1456146727e+32  1.7989957822e+30
  7.3525202800e+00  9.1104403720e+32  1.7973160537e+30
  7.3658538660e+00  9.0818831095e+32  1.7881172604e+30
  7.3791874520e+00  9.0597846647e+32  1.7707939150e+30
  7.3925210380e+00  9.0441361128e+32  1.7518632179e+30
  7.4058546240e+00  9.0349470690e+32  1.7393583901e+30
  7.4191882100e+00  9.0321181688e+32  1.7359392735e+30
  7.4325217960e+00  9.0354251953e+32  1.7366156682e+30
  7.4458553820e+00  9.0446278582e+32  1.7330266386e+30
  7.4591889680e+00  9.0596093630e+32  1.7206094301e+30
  7.4725225540e+00  9.0804260920e+32  1.7025172766e+30
  7.4858561400e+00  9.1072233563e+32  1.6869230304e+30
  7.4991897260e+00  9.1400882133e+32  1.6800069217e+30
  7.5125233120e+00  9.1789653106e+32  1.6806334485e+30
  7.5258568980e+00  9.2237088229e+32  1.6812945989e+30
  7.5391904840e+00  9.2742271201e+32  1.6745377993e+30
  7.5525240700e+00  9.3305962689e+32  1.6593825882e+30
  7.5658576560e+00  9.3930436577e+32  1.6422071306e+30
  7.5791912420e+00  9.4618137970e+32  1.6313032821e+30
  7.5925248280e+00  9.5370305396e+32  1.6297394700e+30
  7.6058584140e+00  9.6186752621e+32  1.6326655621e+30
>>>>>>> 3e255f35dcc3468e7909b14758eb42ac36262a42
