#  Energy (ev)    Absorption NP      Absorption MG
  9.5239900000e-01  4.2020238557e+14  4.4146828697e+13
  9.5811339400e-01  4.2119077194e+14  4.4574657099e+13
  9.6382778800e-01  4.2214897466e+14  4.5006718165e+13
  9.6954218200e-01  4.2307683691e+14  4.5443138546e+13
  9.7525657600e-01  4.2397432371e+14  4.5884034426e+13
  9.8097097000e-01  4.2484153028e+14  4.6329509629e+13
  9.8668536400e-01  4.2567866752e+14  4.6779656182e+13
  9.9239975800e-01  4.2648602707e+14  4.7234557281e+13
  9.9811415200e-01  4.2726393150e+14  4.7694292193e+13
  1.0038285460e+00  4.2801267800e+14  4.8158942295e+13
  1.0095429400e+00  4.2873248507e+14  4.8628597257e+13
  1.0152573340e+00  4.2942345129e+14  4.9103360333e+13
  1.0209717280e+00  4.3008553330e+14  4.9583351862e+13
  1.0266861220e+00  4.3071854685e+14  5.0068710395e+13
  1.0324005160e+00  4.3132219103e+14  5.0559591235e+13
  1.0381149100e+00  4.3189609177e+14  5.1056162626e+13
  1.0438293040e+00  4.3243985728e+14  5.1558600234e+13
  1.0495436980e+00  4.3295313638e+14  5.2067080838e+13
  1.0552580920e+00  4.3343566948e+14  5.2581776321e+13
  1.0609724860e+00  4.3388732382e+14  5.3102848993e+13
  1.0666868800e+00  4.3430810653e+14  5.3630449067e+13
  1.0724012740e+00  4.3469815329e+14  5.4164714761e+13
  1.0781156680e+00  4.3505769411e+14  5.4705775057e+13
  1.0838300620e+00  4.3538700187e+14  5.5253754704e+13
  1.0895444560e+00  4.3568633223e+14  5.5808780654e+13
  1.0952588500e+00  4.3595586488e+14  5.6370988890e+13
  1.1009732440e+00  4.3619565630e+14  5.6940530517e+13
  1.1066876380e+00  4.3640561199e+14  5.7517576098e+13
  1.1124020320e+00  4.3658548324e+14  5.8102317514e+13
  1.1181164260e+00  4.3673488907e+14  5.8694967022e+13
  1.1238308200e+00  4.3685336006e+14  5.9295753680e+13
  1.1295452140e+00  4.3694039664e+14  5.9904917724e+13
  1.1352596080e+00  4.3699553239e+14  6.0522703876e+13
  1.1409740020e+00  4.3701839128e+14  6.1149354710e+13
  1.1466883960e+00  4.3700872955e+14  6.1785105252e+13
  1.1524027900e+00  4.3696645447e+14  6.2430179752e+13
  1.1581171840e+00  4.3689161703e+14  6.3084791258e+13
  1.1638315780e+00  4.3678437923e+14  6.3749144102e+13
  1.1695459720e+00  4.3664496137e+14  6.4423438981e+13
  1.1752603660e+00  4.3647357810e+14  6.5107879819e+13
  1.1809747600e+00  4.3627037399e+14  6.5802681323e+13
  1.1866891540e+00  4.3603536951e+14  6.6508076003e+13
  1.1924035480e+00  4.3576842668e+14  6.7224319517e+13
  1.1981179420e+00  4.3546924065e+14  6.7951693446e+13
  1.2038323360e+00  4.3513735862e+14  6.8690505075e+13
  1.2095467300e+00  4.3477222352e+14  6.9441084204e+13
  1.2152611240e+00  4.3437323517e+14  7.0203777572e+13
  1.2209755180e+00  4.3393981881e+14  7.0978941844e+13
  1.2266899120e+00  4.3347148950e+14  7.1766936397e+13
  1.2324043060e+00  4.3296790149e+14  7.2568117179e+13
  1.2381187000e+00  4.3242887408e+14  7.3382832752e+13
  1.2438330940e+00  4.3185438930e+14  7.4211423286e+13
  1.2495474880e+00  4.3124456166e+14  7.5054222773e+13
  1.2552618820e+00  4.3059958474e+14  7.5911564199e+13
  1.2609762760e+00  4.2991966362e+14  7.6783786920e+13
  1.2666906700e+00  4.2920494429e+14  7.7671245089e+13
  1.2724050640e+00  4.2845545233e+14  7.8574315818e+13
  1.2781194580e+00  4.2767105120e+14  7.9493405776e+13
  1.2838338520e+00  4.2685142764e+14  8.0428955177e+13
  1.2895482460e+00  4.2599610704e+14  8.1381438551e+13
  1.2952626400e+00  4.2510449658e+14  8.2351362227e+13
  1.3009770340e+00  4.2417594933e+14  8.3339259019e+13
  1.3066914280e+00  4.2320983873e+14  8.4345681072e+13
  1.3124058220e+00  4.2220563110e+14  8.5371192191e+13
  1.3181202160e+00  4.2116294407e+14  8.6416361043e+13
  1.3238346100e+00  4.2008158092e+14  8.7481756525e+13
  1.3295490040e+00  4.1896153488e+14  8.8567946239e+13
  1.3352633980e+00  4.1780296263e+14  8.9675498513e+13
  1.3409777920e+00  4.1660613109e+14  9.0804987812e+13
  1.3466921860e+00  4.1537134654e+14  9.1957002822e+13
  1.3524065800e+00  4.1409887805e+14  9.3132156049e+13
  1.3581209740e+00  4.1278888832e+14  9.4331093474e+13
  1.3638353680e+00  4.1144138398e+14  9.5554502839e+13
  1.3695497620e+00  4.1005619432e+14  9.6803119305e+13
  1.3752641560e+00  4.0863298261e+14  9.8077727699e+13
  1.3809785500e+00  4.0717128882e+14  9.9379161123e+13
  1.3866929440e+00  4.0567059718e+14  1.0070829632e+14
  1.3924073380e+00  4.0413041789e+14  1.0206604677e+14
  1.3981217320e+00  4.0255036945e+14  1.0345335484e+14
  1.4038361260e+00  4.0093024826e+14  1.0487118466e+14
  1.4095505200e+00  3.9927007390e+14  1.0632051701e+14
  1.4152649140e+00  3.9757010240e+14  1.0780234757e+14
  1.4209793080e+00  3.9583080557e+14  1.0931768903e+14
  1.4266937020e+00  3.9405281968e+14  1.1086757709e+14
  1.4324080960e+00  3.9223687252e+14  1.1245307976e+14
  1.4381224900e+00  3.9038370139e+14  1.1407530863e+14
  1.4438368840e+00  3.8849397648e+14  1.1573543069e+14
  1.4495512780e+00  3.8656824317e+14  1.1743467903e+14
  1.4552656720e+00  3.8460689420e+14  1.1917436096e+14
  1.4609800660e+00  3.8261017738e+14  1.2095586253e+14
  1.4666944600e+00  3.8057823884e+14  1.2278064903e+14
  1.4724088540e+00  3.7851119580e+14  1.2465026181e+14
  1.4781232480e+00  3.7640922780e+14  1.2656631224e+14
  1.4838376420e+00  3.7427267208e+14  1.2853047440e+14
  1.4895520360e+00  3.7210210808e+14  1.3054447805e+14
  1.4952664300e+00  3.6989841750e+14  1.3261010366e+14
  1.5009808240e+00  3.6766281059e+14  1.3472918089e+14
  1.5066952180e+00  3.6539681493e+14  1.3690359135e+14
  1.5124096120e+00  3.6310222926e+14  1.3913527585e+14
  1.5181240060e+00  3.6078105101e+14  1.4142624550e+14
  1.5238384000e+00  3.5843539088e+14  1.4377859555e+14
  1.5295527940e+00  3.5606739014e+14  1.4619452017e+14
  1.5352671880e+00  3.5367915634e+14  1.4867632655e+14
  1.5409815820e+00  3.5127273015e+14  1.5122644632e+14
  1.5466959760e+00  3.4885009116e+14  1.5384744329e+14
  1.5524103700e+00  3.4641320400e+14  1.5654201661e+14
  1.5581247640e+00  3.4396409944e+14  1.5931299968e+14
  1.5638391580e+00  3.4150497924e+14  1.6216335550e+14
  1.5695535520e+00  3.3903832929e+14  1.6509617003e+14
  1.5752679460e+00  3.3656702433e+14  1.6811464540e+14
  1.5809823400e+00  3.3409440825e+14  1.7122209486e+14
  1.5866967340e+00  3.3162433871e+14  1.7442194119e+14
  1.5924111280e+00  3.2916118999e+14  1.7771771953e+14
  1.5981255220e+00  3.2670981566e+14  1.8111308518e+14
  1.6038399160e+00  3.2427547925e+14  1.8461182566e+14
  1.6095543100e+00  3.2186376682e+14  1.8821787595e+14
  1.6152687040e+00  3.1948049855e+14  1.9193533499e+14
  1.6209830980e+00  3.1713165736e+14  1.9576848128e+14
  1.6266974920e+00  3.1482334935e+14  1.9972178562e+14
  1.6324118860e+00  3.1256180646e+14  2.0379991915e+14
  1.6381262800e+00  3.1035343406e+14  2.0800775574e+14
  1.6438406740e+00  3.0820489916e+14  2.1235036863e+14
  1.6495550680e+00  3.0612324758e+14  2.1683302176e+14
  1.6552694620e+00  3.0411603326e+14  2.2146115743e+14
  1.6609838560e+00  3.0219144067e+14  2.2624038207e+14
  1.6666982500e+00  3.0035838169e+14  2.3117645214e+14
  1.6724126440e+00  2.9862655224e+14  2.3627526209e+14
  1.6781270380e+00  2.9700644045e+14  2.4154283551e+14
  1.6838414320e+00  2.9550928561e+14  2.4698531997e+14
  1.6895558260e+00  2.9414699538e+14  2.5260898489e+14
  1.6952702200e+00  2.9293203535e+14  2.5842022112e+14
  1.7009846140e+00  2.9187730956e+14  2.6442553985e+14
  1.7066990080e+00  2.9099605183e+14  2.7063156831e+14
  1.7124134020e+00  2.9030174539e+14  2.7704503943e+14
  1.7181277960e+00  2.8980808338e+14  2.8367277315e+14
  1.7238421900e+00  2.8952897465e+14  2.9052164768e+14
  1.7295565840e+00  2.8947859114e+14  2.9759856003e+14
  1.7352709780e+00  2.8967144426e+14  3.0491037590e+14
  1.7409853720e+00  2.9012247175e+14  3.1246387027e+14
  1.7466997660e+00  2.9084711249e+14  3.2026566038e+14
  1.7524141600e+00  2.9186134685e+14  3.2832213343e+14
  1.7581285540e+00  2.9318168404e+14  3.3663937079e+14
  1.7638429480e+00  2.9482508429e+14  3.4522307051e+14
  1.7695573420e+00  2.9680881296e+14  3.5407846871e+14
  1.7752717360e+00  2.9915023259e+14  3.6321025955e+14
  1.7809861300e+00  3.0186654765e+14  3.7262251269e+14
  1.7867005240e+00  3.0497452275e+14  3.8231858598e+14
  1.7924149180e+00  3.0849019723e+14  3.9230103124e+14
  1.7981293120e+00  3.1242861839e+14  4.0257149035e+14
  1.8038437060e+00  3.1680360988e+14  4.1313058022e+14
  1.8095581000e+00  3.2162758436e+14  4.2397776543e+14
  1.8152724940e+00  3.2691139973e+14  4.3511121928e+14
  1.8209868880e+00  3.3266424908e+14  4.4652767517e+14
  1.8267012820e+00  3.3889356695e+14  4.5822227187e+14
  1.8324156760e+00  3.4560492995e+14  4.7018839730e+14
  1.8381300700e+00  3.5280192994e+14  4.8241753659e+14
  1.8438444640e+00  3.6048600156e+14  4.9489913025e+14
  1.8495588580e+00  3.6865619445e+14  5.0762044817e+14
  1.8552732520e+00  3.7730889056e+14  5.2056648466e+14
  1.8609876460e+00  3.8643747899e+14  5.3371987867e+14
  1.8667020400e+00  3.9603201142e+14  5.4706086212e+14
  1.8724164340e+00  4.0607886933e+14  5.6056723845e+14
  1.8781308280e+00  4.1656047830e+14  5.7421439228e+14
  1.8838452220e+00  4.2745510376e+14  5.8797533097e+14
  1.8895596160e+00  4.3873675718e+14  6.0182075825e+14
  1.8952740100e+00  4.5037523153e+14  6.1571918070e+14
  1.9009884040e+00  4.6233627275e+14  6.2963704799e+14
  1.9067027980e+00  4.7458188088e+14  6.4353892834e+14
  1.9124171920e+00  4.8707072224e+14  6.5738772095e+14
  1.9181315860e+00  4.9975862590e+14  6.7114490680e+14
  1.9238459800e+00  5.1259913281e+14  6.8477083870e+14
  1.9295603740e+00  5.2554406706e+14  6.9822507011e+14
  1.9352747680e+00  5.3854410384e+14  7.1146672011e+14
  1.9409891620e+00  5.5154931772e+14  7.2445486979e+14
  1.9467035560e+00  5.6450970603e+14  7.3714898239e+14
  1.9524179500e+00  5.7737569228e+14  7.4950933738e+14
  1.9581323440e+00  5.9009862356e+14  7.6149746616e+14
  1.9638467380e+00  6.0263128010e+14  7.7307657606e+14
  1.9695611320e+00  6.1492841471e+14  7.8421194860e+14
  1.9752755260e+00  6.2694733445e+14  7.9487129907e+14
  1.9809899200e+00  6.3864852705e+14  8.0502508575e+14
  1.9867043140e+00  6.4999632218e+14  8.1464676019e+14
  1.9924187080e+00  6.6095956485e+14  8.2371295310e+14
  1.9981331020e+00  6.7151226738e+14  8.3220359388e+14
  2.0038474960e+00  6.8163419976e+14  8.4010196551e+14
  2.0095618900e+00  6.9131137731e+14  8.4739469924e+14
  2.0152762840e+00  7.0053641020e+14  8.5407171593e+14
  2.0209906780e+00  7.0930869104e+14  8.6012612181e+14
  2.0267050720e+00  7.1763441340e+14  8.6555406697e+14
  2.0324194660e+00  7.2552643249e+14  8.7035457417e+14
  2.0381338600e+00  7.3300399789e+14  8.7452934411e+14
  2.0438482540e+00  7.4009240295e+14  8.7808254209e+14
  2.0495626480e+00  7.4682260464e+14  8.8102056929e+14
  2.0552770420e+00  7.5323086932e+14  8.8335182081e+14
  2.0609914360e+00  7.5935849357e+14  8.8508643208e+14
  2.0667058300e+00  7.6525163597e+14  8.8623601524e+14
  2.0724202240e+00  7.7096127684e+14  8.8681338811e+14
  2.0781346180e+00  7.7654330261e+14  8.8683229911e+14
  2.0838490120e+00  7.8205869151e+14  8.8630715310e+14
  2.0895634060e+00  7.8757376200e+14  8.8525274414e+14
  2.0952778000e+00  7.9316043702e+14  8.8368400154e+14
  2.1009921940e+00  7.9889647720e+14  8.8161575560e+14
  2.1067065880e+00  8.0486564463e+14  8.7906252811e+14
  2.1124209820e+00  8.1115777455e+14  8.7603835086e+14
  2.1181353760e+00  8.1786875251e+14  8.7255661268e+14
  2.1238497700e+00  8.2510041545e+14  8.6862993262e+14
  2.1295641640e+00  8.3296041327e+14  8.6427005429e+14
  2.1352785580e+00  8.4156207899e+14  8.5948775388e+14
  2.1409929520e+00  8.5102435800e+14  8.5429275355e+14
  2.1467073460e+00  8.6147183915e+14  8.4869363176e+14
  2.1524217400e+00  8.7303491298e+14  8.4269772367e+14
  2.1581361340e+00  8.8585005790e+14  8.3631100729e+14
  2.1638505280e+00  9.0006022634e+14  8.2953797475e+14
  2.1695649220e+00  9.1581527551e+14  8.2238149167e+14
  2.1752793160e+00  9.3327236483e+14  8.1484265164e+14
  2.1809937100e+00  9.5259622868e+14  8.0692063557e+14
  2.1867081040e+00  9.7395923085e+14  7.9861258732e+14
  2.1924224980e+00  9.9754111700e+14  7.8991351754e+14
  2.1981368920e+00  1.0235284007e+15  7.8081624616e+14
  2.2038512860e+00  1.0521133450e+15  7.7131139167e+14
  2.2095656800e+00  1.0834925280e+15  7.6138741229e+14
  2.2152800740e+00  1.1178650050e+15  7.5103070080e+14
  2.2209944680e+00  1.1554300921e+15  7.4022573253e+14
  2.2267088620e+00  1.1963847975e+15  7.2895526494e+14
  2.2324232560e+00  1.2409209112e+15  7.1720058767e+14
  2.2381376500e+00  1.2892217395e+15  7.0494182499e+14
  2.2438520440e+00  1.3414584335e+15  6.9215829626e+14
  2.2495664380e+00  1.3977858281e+15  6.7882894552e+14
  2.2552808320e+00  1.4583376787e+15  6.6493285633e+14
  2.2609952260e+00  1.5232211775e+15  6.5044987140e+14
  2.2667096200e+00  1.5925106482e+15  6.3536133803e+14
  2.2724240140e+00  1.6662403690e+15  6.1965099736e+14
  2.2781384080e+00  1.7443965609e+15  6.0330602829e+14
  2.2838528020e+00  1.8269086917e+15  5.8631824499e+14
  2.2895671960e+00  1.9136403903e+15  5.6868543043e+14
  2.2952815900e+00  2.0043804089e+15  5.5041276878e+14
  2.3009959840e+00  2.0988342132e+15  5.3151431869e+14
  2.3067103780e+00  2.1966168948e+15  5.1201444896e+14
  2.3124247720e+00  2.2972481640e+15  4.9194914180e+14
  2.3181391660e+00  2.4001501874e+15  4.7136705748e+14
  2.3238535600e+00  2.5046489692e+15  4.5033025193e+14
  2.3295679540e+00  2.6099798267e+15  4.2891444497e+14
  2.3352823480e+00  2.7152973014e+15  4.0720875449e+14
  2.3409967420e+00  2.8196895662e+15  3.8531483787e+14
  2.3467111360e+00  2.9221970826e+15  3.6334541717e+14
  2.3524255300e+00  3.0218349348e+15  3.4142220489e+14
  2.3581399240e+00  3.1176179608e+15  3.1967328981e+14
  2.3638543180e+00  3.2085875441e+15  2.9823008360e+14
  2.3695687120e+00  3.2938387441e+15  2.7722396467e+14
  2.3752831060e+00  3.3725463520e+15  2.5678278283e+14
  2.3809975000e+00  3.4439884798e+15  2.3702740341e+14
  2.3867118940e+00  3.5075664116e+15  2.1806847137e+14
  2.3924262880e+00  3.5628196736e+15  2.0000356426e+14
  2.3981406820e+00  3.6094355861e+15  1.8291487772e+14
  2.4038550760e+00  3.6472529174e+15  1.6686755181e+14
  2.4095694700e+00  3.6762596485e+15  1.5190870291e+14
  2.4152838640e+00  3.6965852247e+15  1.3806717931e+14
  2.4209982580e+00  3.7084880036e+15  1.2535401151e+14
  2.4267126520e+00  3.7123388679e+15  1.1376348652e+14
  2.4324270460e+00  3.7086021437e+15  1.0327474072e+14
  2.4381414400e+00  3.6978150386e+15  9.3853742280e+13
  2.4438558340e+00  3.6805667867e+15  8.5455521486e+13
  2.4495702280e+00  3.6574785781e+15  7.8026507677e+13
  2.4552846220e+00  3.6291851615e+15  7.1506841833e+13
  2.4609990160e+00  3.5963187775e+15  6.5832553796e+13
  2.4667134100e+00  3.5594958291e+15  6.0937518970e+13
  2.4724278040e+00  3.5193064420e+15  5.6755138401e+13
  2.4781421980e+00  3.4763068482e+15  5.3219715186e+13
  2.4838565920e+00  3.4310143461e+15  5.0267526471e+13
  2.4895709860e+00  3.3839044684e+15  4.7837611659e+13
  2.4952853800e+00  3.3354099237e+15  4.5872312587e+13
  2.5009997740e+00  3.2859208667e+15  4.4317609825e+13
  2.5067141680e+00  3.2357860895e+15  4.3123301268e+13
  2.5124285620e+00  3.1853147926e+15  4.2243065917e+13
  2.5181429560e+00  3.1347786789e+15  4.1634448617e+13
  2.5238573500e+00  3.0844142042e+15  4.1258792428e+13
  2.5295717440e+00  3.0344248941e+15  4.1081135824e+13
  2.5352861380e+00  2.9849836960e+15  4.1070083605e+13
  2.5410005320e+00  2.9362353743e+15  4.1197654258e+13
  2.5467149260e+00  2.8882989659e+15  4.1439103049e+13
  2.5524293200e+00  2.8412703089e+15  4.1772719389e+13
  2.5581437140e+00  2.7952246343e+15  4.2179598463e+13
  2.5638581080e+00  2.7502191850e+15  4.2643390133e+13
  2.5695725020e+00  2.7062958004e+15  4.3150031563e+13
  2.5752868960e+00  2.6634833875e+15  4.3687473195e+13
  2.5810012900e+00  2.6218001955e+15  4.4245409635e+13
  2.5867156840e+00  2.5812558173e+15  4.4815027438e+13
  2.5924300780e+00  2.5418528653e+15  4.5388780367e+13
  2.5981444720e+00  2.5035882977e+15  4.5960199795e+13
  2.6038588660e+00  2.4664544045e+15  4.6523743912e+13
  2.6095732600e+00  2.4304394973e+15  4.7074684923e+13
  2.6152876540e+00  2.3955283698e+15  4.7609029329e+13
  2.6210020480e+00  2.3617026134e+15  4.8123463072e+13
  2.6267164420e+00  2.3289408708e+15  4.8615311564e+13
  2.6324308360e+00  2.2972191037e+15  4.9082504370e+13
  2.6381452300e+00  2.2665109279e+15  4.9523535720e+13
  2.6438596240e+00  2.2367880409e+15  4.9937414667e+13
  2.6495740180e+00  2.2080207416e+15  5.0323602193e+13
  2.6552884120e+00  2.1801785114e+15  5.0681936150e+13
  2.6610028060e+00  2.1532306106e+15  5.1012548201e+13
  2.6667172000e+00  2.1271466337e+15  5.1315779150e+13
  2.6724315940e+00  2.1018969679e+15  5.1592100106e+13
  2.6781459880e+00  2.0774531135e+15  5.1842046520e+13
  2.6838603820e+00  2.0537878416e+15  5.2066170542e+13
  2.6895747760e+00  2.0308751899e+15  5.2265014530e+13
  2.6952891700e+00  2.0086903203e+15  5.2439105531e+13
  2.7010035640e+00  1.9872092787e+15  5.2588967575e+13
  2.7067179580e+00  1.9664087140e+15  5.2715146164e+13
  2.7124323520e+00  1.9462656112e+15  5.2818237924e+13
  2.7181467460e+00  1.9267570900e+15  5.2898918040e+13
  2.7238611400e+00  1.9078603061e+15  5.2957959029e+13
  2.7295755340e+00  1.8895524707e+15  5.2996236280e+13
  2.7352899280e+00  1.8718109839e+15  5.3014718400e+13
  2.7410043220e+00  1.8546136570e+15  5.3014443188e+13
  2.7467187160e+00  1.8379389837e+15  5.2996482638e+13
  2.7524331100e+00  1.8217664123e+15  5.2961902258e+13
  2.7581475040e+00  1.8060765712e+15  5.2911720979e+13
  2.7638618980e+00  1.7908514105e+15  5.2846877752e+13
  2.7695762920e+00  1.7760742328e+15  5.2768209801e+13
  2.7752906860e+00  1.7617296114e+15  5.2676445511e+13
  2.7810050800e+00  1.7478032062e+15  5.2572212499e+13
  2.7867194740e+00  1.7342815092e+15  5.2456058917e+13
  2.7924338680e+00  1.7211515603e+15  5.2328483978e+13
  2.7981482620e+00  1.7084006780e+15  5.2189972228e+13
  2.8038626560e+00  1.6960162458e+15  5.2041025689e+13
  2.8095770500e+00  1.6839855863e+15  5.1882188476e+13
  2.8152914440e+00  1.6722959385e+15  5.1714059912e+13
  2.8210058380e+00  1.6609345356e+15  5.1537294169e+13
  2.8267202320e+00  1.6498887658e+15  5.1352586816e+13
  2.8324346260e+00  1.6391463837e+15  5.1160650789e+13
  2.8381490200e+00  1.6286957326e+15  5.0962186076e+13
  2.8438634140e+00  1.6185259374e+15  5.0757848363e+13
  2.8495778080e+00  1.6086270338e+15  5.0548221969e+13
  2.8552922020e+00  1.5989900092e+15  5.0333801603e+13
  2.8610065960e+00  1.5896067490e+15  5.0114985906e+13
  2.8667209900e+00  1.5804698954e+15  4.9892083759e+13
  2.8724353840e+00  1.5715726413e+15  4.9665332159e+13
  2.8781497780e+00  1.5629084929e+15  4.9434922593e+13
  2.8838641720e+00  1.5544710381e+15  4.9201031470e+13
  2.8895785660e+00  1.5462537577e+15  4.8963849557e+13
  2.8952929600e+00  1.5382499073e+15  4.8723605633e+13
  2.9010073540e+00  1.5304524866e+15  4.8480580626e+13
  2.9067217480e+00  1.5228542969e+15  4.8235110112e+13
  2.9124361420e+00  1.5154480751e+15  4.7987575051e+13
  2.9181505360e+00  1.5082266775e+15  4.7738382601e+13
  2.9238649300e+00  1.5011832798e+15  4.7487940446e+13
  2.9295793240e+00  1.4943115593e+15  4.7236629115e+13
  2.9352937180e+00  1.4876058263e+15  4.6984777051e+13
  2.9410081120e+00  1.4810610828e+15  4.6732642610e+13
  2.9467225060e+00  1.4746729972e+15  4.6480406011e+13
  2.9524369000e+00  1.4684378009e+15  4.6228172505e+13
  2.9581512940e+00  1.4623521218e+15  4.5975986167e+13
  2.9638656880e+00  1.4564127843e+15  4.5723851953e+13
  2.9695800820e+00  1.4506166062e+15  4.5471762301e+13
  2.9752944760e+00  1.4449602272e+15  4.5219723865e+13
  2.9810088700e+00  1.4394399949e+15  4.4967779995e+13
  2.9867232640e+00  1.4340519254e+15  4.4716025335e+13
  2.9924376580e+00  1.4287917439e+15  4.4464610288e+13
  2.9981520520e+00  1.4236549952e+15  4.4213734786e+13
  3.0038664460e+00  1.4186372047e+15  4.3963632608e+13
  3.0095808400e+00  1.4137340612e+15  4.3714549035e+13
  3.0152952340e+00  1.4089415895e+15  4.3466715705e+13
  3.0210096280e+00  1.4042562839e+15  4.3220326951e+13
  3.0267240220e+00  1.3996751796e+15  4.2975521605e+13
  3.0324384160e+00  1.3951958504e+15  4.2732373286e+13
  3.0381528100e+00  1.3908163332e+15  4.2490890748e+13
  3.0438672040e+00  1.3865349923e+15  4.2251028166e+13
  3.0495815980e+00  1.3823503461e+15  4.2012703574e+13
  3.0552959920e+00  1.3782608849e+15  4.1775822345e+13
  3.0610103860e+00  1.3742649099e+15  4.1540301789e+13
  3.0667247800e+00  1.3703604190e+15  4.1306092783e+13
  3.0724391740e+00  1.3665450583e+15  4.1073194917e+13
  3.0781535680e+00  1.3628161450e+15  4.0841662717e+13
  3.0838679620e+00  1.3591707572e+15  4.0611602047e+13
  3.0895823560e+00  1.3556058745e+15  4.0383157412e+13
  3.0952967500e+00  1.3521185443e+15  4.0156492403e+13
  3.1010111440e+00  1.3487060462e+15  3.9931766640e+13
  3.1067255380e+00  1.3453660259e+15  3.9709113119e+13
  3.1124399320e+00  1.3420965769e+15  3.9488619759e+13
  3.1181543260e+00  1.3388962561e+15  3.9270318218e+13
  3.1238687200e+00  1.3357640308e+15  3.9054181796e+13
  3.1295831140e+00  1.3326991672e+15  3.8840132711e+13
  3.1352975080e+00  1.3297010787e+15  3.8628057491e+13
  3.1410119020e+00  1.3267691589e+15  3.8417827848e+13
  3.1467262960e+00  1.3239026278e+15  3.8209323543e+13
  3.1524406900e+00  1.3211004167e+15  3.8002453424e+13
  3.1581550840e+00  1.3183611086e+15  3.7797171166e+13
  3.1638694780e+00  1.3156829458e+15  3.7593483155e+13
  3.1695838720e+00  1.3130639000e+15  3.7391447275e+13
  3.1752982660e+00  1.3105017945e+15  3.7191162893e+13
  3.1810126600e+00  1.3079944558e+15  3.6992753797e+13
  3.1867270540e+00  1.3055398698e+15  3.6796346992e+13
  3.1924414480e+00  1.3031363163e+15  3.6602050937e+13
  3.1981558420e+00  1.3007824582e+15  3.6409936876e+13
  3.2038702360e+00  1.2984773727e+15  3.6220026345e+13
  3.2095846300e+00  1.2962205174e+15  3.6032286920e+13
  3.2152990240e+00  1.2940116393e+15  3.5846636862e+13
  3.2210134180e+00  1.2918506404e+15  3.5662957822e+13
  3.2267278120e+00  1.2897374245e+15  3.5481113457e+13
  3.2324422060e+00  1.2876717484e+15  3.5300970810e+13
  3.2381566000e+00  1.2856531046e+15  3.5122420888e+13
  3.2438709940e+00  1.2836806521e+15  3.4945395014e+13
  3.2495853880e+00  1.2817532090e+15  3.4769874267e+13
  3.2552997820e+00  1.2798693050e+15  3.4595890483e+13
  3.2610141760e+00  1.2780272864e+15  3.4423518718e+13
  3.2667285700e+00  1.2762254545e+15  3.4252862483e+13
  3.2724429640e+00  1.2744622139e+15  3.4084034256e+13
  3.2781573580e+00  1.2727362068e+15  3.3917134572e+13
  3.2838717520e+00  1.2710464095e+15  3.3752233173e+13
  3.2895861460e+00  1.2693921764e+15  3.3589355358e+13
  3.2953005400e+00  1.2677732232e+15  3.3428475794e+13
  3.3010149340e+00  1.2661895541e+15  3.3269520761e+13
  3.3067293280e+00  1.2646413432e+15  3.3112378438e+13
  3.3124437220e+00  1.2631287925e+15  3.2956915455e+13
  3.3181581160e+00  1.2616519882e+15  3.2802996934e+13
  3.3238725100e+00  1.2602107804e+15  3.2650506652e+13
  3.3295869040e+00  1.2588047059e+15  3.2499363982e+13
  3.3353012980e+00  1.2574329658e+15  3.2349534792e+13
  3.3410156920e+00  1.2560944628e+15  3.2201034518e+13
  3.3467300860e+00  1.2547878892e+15  3.2053922956e+13
  3.3524444800e+00  1.2535118534e+15  3.1908291661e+13
  3.3581588740e+00  1.2522650206e+15  3.1764246113e+13
  3.3638732680e+00  1.2510462466e+15  3.1621885627e+13
  3.3695876620e+00  1.2498546803e+15  3.1481284393e+13
  3.3753020560e+00  1.2486898195e+15  3.1342476787e+13
  3.3810164500e+00  1.2475515102e+15  3.1205449393e+13
  3.3867308440e+00  1.2464398889e+15  3.1070141035e+13
  3.3924452380e+00  1.2453552801e+15  3.0936450788e+13
  3.3981596320e+00  1.2442980638e+15  3.0804252587e+13
  3.4038740260e+00  1.2432685367e+15  3.0673413995e+13
  3.4095884200e+00  1.2422667899e+15  3.0543815953e+13
  3.4153028140e+00  1.2412926228e+15  3.0415370249e+13
  3.4210172080e+00  1.2403455088e+15  3.0288031775e+13
  3.4267316020e+00  1.2394246159e+15  3.0161803570e+13
  3.4324459960e+00  1.2385288811e+15  3.0036733815e+13
  3.4381603900e+00  1.2376571235e+15  2.9912905327e+13
  3.4438747840e+00  1.2368081787e+15  2.9790419325e+13
  3.4495891780e+00  1.2359810311e+15  2.9669376195e+13
  3.4553035720e+00  1.2351749224e+15  2.9549856473e+13
  3.4610179660e+00  1.2343894172e+15  2.9431905221e+13
  3.4667323600e+00  1.2336244174e+15  2.9315522385e+13
  3.4724467540e+00  1.2328801197e+15  2.9200660736e+13
  3.4781611480e+00  1.2321569269e+15  2.9087231702e+13
  3.4838755420e+00  1.2314553254e+15  2.8975118097e+13
  3.4895899360e+00  1.2307757512e+15  2.8864191622e+13
  3.4953043300e+00  1.2301184654e+15  2.8754332172e+13
  3.5010187240e+00  1.2294834613e+15  2.8645445754e+13
  3.5067331180e+00  1.2288704167e+15  2.8537478020e+13
  3.5124475120e+00  1.2282787014e+15  2.8430421163e+13
  3.5181619060e+00  1.2277074358e+15  2.8324313049e+13
  3.5238763000e+00  1.2271555932e+15  2.8219228755e+13
  3.5295906940e+00  1.2266221266e+15  2.8115265930e+13
  3.5353050880e+00  1.2261060995e+15  2.8012526450e+13
  3.5410194820e+00  1.2256067986e+15  2.7911097422e+13
  3.5467338760e+00  1.2251238108e+15  2.7811034720e+13
  3.5524482700e+00  1.2246570491e+15  2.7712351789e+13
  3.5581626640e+00  1.2242067264e+15  2.7615015569e+13
  3.5638770580e+00  1.2237732792e+15  2.7518950219e+13
  3.5695914520e+00  1.2233572558e+15  2.7424047984e+13
  3.5753058460e+00  1.2229591861e+15  2.7330185399e+13
  3.5810202400e+00  1.2225794570e+15  2.7237242096e+13
  3.5867346340e+00  1.2222182113e+15  2.7145119097e+13
  3.5924490280e+00  1.2218752898e+15  2.7053753509e+13
  3.5981634220e+00  1.2215502237e+15  2.6963127206e+13
  3.6038778160e+00  1.2212422805e+15  2.6873268037e+13
  3.6095922100e+00  1.2209505531e+15  2.6784243386e+13
  3.6153066040e+00  1.2206740801e+15  2.6696147150e+13
  3.6210209980e+00  1.2204119744e+15  2.6609082339e+13
  3.6267353920e+00  1.2201635402e+15  2.6523142194e+13
  3.6324497860e+00  1.2199283582e+15  2.6438392975e+13
  3.6381641800e+00  1.2197063257e+15  2.6354861297e+13
  3.6438785740e+00  1.2194976433e+15  2.6272528120e+13
  3.6495929680e+00  1.2193027527e+15  2.6191330378e+13
  3.6553073620e+00  1.2191222341e+15  2.6111169985e+13
  3.6610217560e+00  1.2189566819e+15  2.6031928693e+13
  3.6667361500e+00  1.2188065787e+15  2.5953486322e+13
  3.6724505440e+00  1.2186721886e+15  2.5875739320e+13
  3.6781649380e+00  1.2185534878e+15  2.5798616546e+13
  3.6838793320e+00  1.2184501441e+15  2.5722089655e+13
  3.6895937260e+00  1.2183615487e+15  2.5646176343e+13
  3.6953081200e+00  1.2182868937e+15  2.5570935925e+13
  3.7010225140e+00  1.2182252842e+15  2.5496457985e+13
  3.7067369080e+00  1.2181758651e+15  2.5422845991e+13
  3.7124513020e+00  1.2181379407e+15  2.5350198618e+13
  3.7181656960e+00  1.2181110690e+15  2.5278591897e+13
  3.7238800900e+00  1.2180951133e+15  2.5208065168e+13
  3.7295944840e+00  1.2180902437e+15  2.5138613176e+13
  3.7353088780e+00  1.2180968869e+15  2.5070185637e+13
  3.7410232720e+00  1.2181156348e+15  2.5002694340e+13
  3.7467376660e+00  1.2181471254e+15  2.4936026593e+13
  3.7524520600e+00  1.2181919164e+15  2.4870062781e+13
  3.7581664540e+00  1.2182503733e+15  2.4804695090e+13
  3.7638808480e+00  1.2183225899e+15  2.4739844284e+13
  3.7695952420e+00  1.2184083544e+15  2.4675471722e+13
  3.7753096360e+00  1.2185071672e+15  2.4611584616e+13
  3.7810240300e+00  1.2186183074e+15  2.4548233651e+13
  3.7867384240e+00  1.2187409360e+15  2.4485503352e+13
  3.7924528180e+00  1.2188742191e+15  2.4423496819e+13
  3.7981672120e+00  1.2190174515e+15  2.4362317365e+13
  3.8038816060e+00  1.2191701576e+15  2.4302050124e+13
