 9.5239900000e-01  1.9421031760e+08
 9.5811339400e-01  1.9447938926e+08
 9.6382778800e-01  1.9475305031e+08
 9.6954218200e-01  1.9503137612e+08
 9.7525657600e-01  1.9531444338e+08
 9.8097097000e-01  1.9560233013e+08
 9.8668536400e-01  1.9589511580e+08
 9.9239975800e-01  1.9619288123e+08
 9.9811415200e-01  1.9649570871e+08
 1.0038285460e+00  1.9680368199e+08
 1.0095429400e+00  1.9711688633e+08
 1.0152573340e+00  1.9743540853e+08
 1.0209717280e+00  1.9775933697e+08
 1.0266861220e+00  1.9808876161e+08
 1.0324005160e+00  1.9842377407e+08
 1.0381149100e+00  1.9876446763e+08
 1.0438293040e+00  1.9911093728e+08
 1.0495436980e+00  1.9946327976e+08
 1.0552580920e+00  1.9982159361e+08
 1.0609724860e+00  2.0018597917e+08
 1.0666868800e+00  2.0055653867e+08
 1.0724012740e+00  2.0093337622e+08
 1.0781156680e+00  2.0131659790e+08
 1.0838300620e+00  2.0170631178e+08
 1.0895444560e+00  2.0210262796e+08
 1.0952588500e+00  2.0250565863e+08
 1.1009732440e+00  2.0291551811e+08
 1.1066876380e+00  2.0333232290e+08
 1.1124020320e+00  2.0375619172e+08
 1.1181164260e+00  2.0418724559e+08
 1.1238308200e+00  2.0462560784e+08
 1.1295452140e+00  2.0507140421e+08
 1.1352596080e+00  2.0552476285e+08
 1.1409740020e+00  2.0598581445e+08
 1.1466883960e+00  2.0645469223e+08
 1.1524027900e+00  2.0693153202e+08
 1.1581171840e+00  2.0741647236e+08
 1.1638315780e+00  2.0790965450e+08
 1.1695459720e+00  2.0841122252e+08
 1.1752603660e+00  2.0892132337e+08
 1.1809747600e+00  2.0944010694e+08
 1.1866891540e+00  2.0996772613e+08
 1.1924035480e+00  2.1050433693e+08
 1.1981179420e+00  2.1105009850e+08
 1.2038323360e+00  2.1160517323e+08
 1.2095467300e+00  2.1216972682e+08
 1.2152611240e+00  2.1274392839e+08
 1.2209755180e+00  2.1332795052e+08
 1.2266899120e+00  2.1392196937e+08
 1.2324043060e+00  2.1452616476e+08
 1.2381187000e+00  2.1514072026e+08
 1.2438330940e+00  2.1576582325e+08
 1.2495474880e+00  2.1640166510e+08
 1.2552618820e+00  2.1704844117e+08
 1.2609762760e+00  2.1770635098e+08
 1.2666906700e+00  2.1837559831e+08
 1.2724050640e+00  2.1905639125e+08
 1.2781194580e+00  2.1974894240e+08
 1.2838338520e+00  2.2045346890e+08
 1.2895482460e+00  2.2117019261e+08
 1.2952626400e+00  2.2189934020e+08
 1.3009770340e+00  2.2264114327e+08
 1.3066914280e+00  2.2339583852e+08
 1.3124058220e+00  2.2416366782e+08
 1.3181202160e+00  2.2494487841e+08
 1.3238346100e+00  2.2573972299e+08
 1.3295490040e+00  2.2654845990e+08
 1.3352633980e+00  2.2737135325e+08
 1.3409777920e+00  2.2820867308e+08
 1.3466921860e+00  2.2906069552e+08
 1.3524065800e+00  2.2992770295e+08
 1.3581209740e+00  2.3080998418e+08
 1.3638353680e+00  2.3170783460e+08
 1.3695497620e+00  2.3262155638e+08
 1.3752641560e+00  2.3355145866e+08
 1.3809785500e+00  2.3449785772e+08
 1.3866929440e+00  2.3546107717e+08
 1.3924073380e+00  2.3644144820e+08
 1.3981217320e+00  2.3743930973e+08
 1.4038361260e+00  2.3845500868e+08
 1.4095505200e+00  2.3948890014e+08
 1.4152649140e+00  2.4054134764e+08
 1.4209793080e+00  2.4161272336e+08
 1.4266937020e+00  2.4270340840e+08
 1.4324080960e+00  2.4381379302e+08
 1.4381224900e+00  2.4494427688e+08
 1.4438368840e+00  2.4609526934e+08
 1.4495512780e+00  2.4726718973e+08
 1.4552656720e+00  2.4846046763e+08
 1.4609800660e+00  2.4967554315e+08
 1.4666944600e+00  2.5091286727e+08
 1.4724088540e+00  2.5217290214e+08
 1.4781232480e+00  2.5345612138e+08
 1.4838376420e+00  2.5476301046e+08
 1.4895520360e+00  2.5609406702e+08
 1.4952664300e+00  2.5744980123e+08
 1.5009808240e+00  2.5883073618e+08
 1.5066952180e+00  2.6023740824e+08
 1.5124096120e+00  2.6167036745e+08
 1.5181240060e+00  2.6313017797e+08
 1.5238384000e+00  2.6461741846e+08
 1.5295527940e+00  2.6613268252e+08
 1.5352671880e+00  2.6767657919e+08
 1.5409815820e+00  2.6924973333e+08
 1.5466959760e+00  2.7085278620e+08
 1.5524103700e+00  2.7248639588e+08
 1.5581247640e+00  2.7415123782e+08
 1.5638391580e+00  2.7584800536e+08
 1.5695535520e+00  2.7757741032e+08
 1.5752679460e+00  2.7934018349e+08
 1.5809823400e+00  2.8113707531e+08
 1.5866967340e+00  2.8296885641e+08
 1.5924111280e+00  2.8483631827e+08
 1.5981255220e+00  2.8674027385e+08
 1.6038399160e+00  2.8868155831e+08
 1.6095543100e+00  2.9066102965e+08
 1.6152687040e+00  2.9267956946e+08
 1.6209830980e+00  2.9473808365e+08
 1.6266974920e+00  2.9683750325e+08
 1.6324118860e+00  2.9897878517e+08
 1.6381262800e+00  3.0116291304e+08
 1.6438406740e+00  3.0339089806e+08
 1.6495550680e+00  3.0566377989e+08
 1.6552694620e+00  3.0798262753e+08
 1.6609838560e+00  3.1034854031e+08
 1.6666982500e+00  3.1276264884e+08
 1.6724126440e+00  3.1522611599e+08
 1.6781270380e+00  3.1774013799e+08
 1.6838414320e+00  3.2030594546e+08
 1.6895558260e+00  3.2292480453e+08
 1.6952702200e+00  3.2559801801e+08
 1.7009846140e+00  3.2832692659e+08
 1.7066990080e+00  3.3111291003e+08
 1.7124134020e+00  3.3395738844e+08
 1.7181277960e+00  3.3686182364e+08
 1.7238421900e+00  3.3982772044e+08
 1.7295565840e+00  3.4285662812e+08
 1.7352709780e+00  3.4595014182e+08
 1.7409853720e+00  3.4910990405e+08
 1.7466997660e+00  3.5233760626e+08
 1.7524141600e+00  3.5563499038e+08
 1.7581285540e+00  3.5900385050e+08
 1.7638429480e+00  3.6244603457e+08
 1.7695573420e+00  3.6596344609e+08
 1.7752717360e+00  3.6955804598e+08
 1.7809861300e+00  3.7323185438e+08
 1.7867005240e+00  3.7698695260e+08
 1.7924149180e+00  3.8082548503e+08
 1.7981293120e+00  3.8474966122e+08
 1.8038437060e+00  3.8876175791e+08
 1.8095581000e+00  3.9286412119e+08
 1.8152724940e+00  3.9705916866e+08
 1.8209868880e+00  4.0134939172e+08
 1.8267012820e+00  4.0573735783e+08
 1.8324156760e+00  4.1022571288e+08
 1.8381300700e+00  4.1481718363e+08
 1.8438444640e+00  4.1951458011e+08
 1.8495588580e+00  4.2432079820e+08
 1.8552732520e+00  4.2923882214e+08
 1.8609876460e+00  4.3427172718e+08
 1.8667020400e+00  4.3942268219e+08
 1.8724164340e+00  4.4469495238e+08
 1.8781308280e+00  4.5009190197e+08
 1.8838452220e+00  4.5561699699e+08
 1.8895596160e+00  4.6127380800e+08
 1.8952740100e+00  4.6706601287e+08
 1.9009884040e+00  4.7299739956e+08
 1.9067027980e+00  4.7907186891e+08
 1.9124171920e+00  4.8529343731e+08
 1.9181315860e+00  4.9166623950e+08
 1.9238459800e+00  4.9819453117e+08
 1.9295603740e+00  5.0488269156e+08
 1.9352747680e+00  5.1173522598e+08
 1.9409891620e+00  5.1875676816e+08
 1.9467035560e+00  5.2595208258e+08
 1.9524179500e+00  5.3332606648e+08
 1.9581323440e+00  5.4088375180e+08
 1.9638467380e+00  5.4863030686e+08
 1.9695611320e+00  5.5657103771e+08
 1.9752755260e+00  5.6471138925e+08
 1.9809899200e+00  5.7305694592e+08
 1.9867043140e+00  5.8161343206e+08
 1.9924187080e+00  5.9038671166e+08
 1.9981331020e+00  5.9938278770e+08
 2.0038474960e+00  6.0860780081e+08
 2.0095618900e+00  6.1806802726e+08
 2.0152762840e+00  6.2776987610e+08
 2.0209906780e+00  6.3771988555e+08
 2.0267050720e+00  6.4792471828e+08
 2.0324194660e+00  6.5839115561e+08
 2.0381338600e+00  6.6912609054e+08
 2.0438482540e+00  6.8013651934e+08
 2.0495626480e+00  6.9142953164e+08
 2.0552770420e+00  7.0301229882e+08
 2.0609914360e+00  7.1489206052e+08
 2.0667058300e+00  7.2707610913e+08
 2.0724202240e+00  7.3957177190e+08
 2.0781346180e+00  7.5238639066e+08
 2.0838490120e+00  7.6552729871e+08
 2.0895634060e+00  7.7900179471e+08
 2.0952778000e+00  7.9281711329e+08
 2.1009921940e+00  8.0698039206e+08
 2.1067065880e+00  8.2149863471e+08
 2.1124209820e+00  8.3637866988e+08
 2.1181353760e+00  8.5162710544e+08
 2.1238497700e+00  8.6725027780e+08
 2.1295641640e+00  8.8325419594e+08
 2.1352785580e+00  8.9964447970e+08
 2.1409929520e+00  9.1642629198e+08
 2.1467073460e+00  9.3360426447e+08
 2.1524217400e+00  9.5118241651e+08
 2.1581361340e+00  9.6916406669e+08
 2.1638505280e+00  9.8755173691e+08
 2.1695649220e+00  1.0063470485e+09
 2.1752793160e+00  1.0255506101e+09
 2.1809937100e+00  1.0451618973e+09
 2.1867081040e+00  1.0651791238e+09
 2.1924224980e+00  1.0855991035e+09
 2.1981368920e+00  1.1064171049e+09
 2.2038512860e+00  1.1276266965e+09
 2.2095656800e+00  1.1492195847e+09
 2.2152800740e+00  1.1711854441e+09
 2.2209944680e+00  1.1935117416e+09
 2.2267088620e+00  1.2161835550e+09
 2.2324232560e+00  1.2391833867e+09
 2.2381376500e+00  1.2624909766e+09
 2.2438520440e+00  1.2860831126e+09
 2.2495664380e+00  1.3099334449e+09
 2.2552808320e+00  1.3340123040e+09
 2.2609952260e+00  1.3582865277e+09
 2.2667096200e+00  1.3827192990e+09
 2.2724240140e+00  1.4072700013e+09
 2.2781384080e+00  1.4318940932e+09
 2.2838528020e+00  1.4565430099e+09
 2.2895671960e+00  1.4811640949e+09
 2.2952815900e+00  1.5057005697e+09
 2.3009959840e+00  1.5300915448e+09
 2.3067103780e+00  1.5542720804e+09
 2.3124247720e+00  1.5781733014e+09
 2.3181391660e+00  1.6017225725e+09
 2.3238535600e+00  1.6248437380e+09
 2.3295679540e+00  1.6474574322e+09
 2.3352823480e+00  1.6694814624e+09
 2.3409967420e+00  1.6908312667e+09
 2.3467111360e+00  1.7114204486e+09
 2.3524255300e+00  1.7311613857e+09
 2.3581399240e+00  1.7499659107e+09
 2.3638543180e+00  1.7677460591e+09
 2.3695687120e+00  1.7844148752e+09
 2.3752831060e+00  1.7998872685e+09
 2.3809975000e+00  1.8140809060e+09
 2.3867118940e+00  1.8269171281e+09
 2.3924262880e+00  1.8383218708e+09
 2.3981406820e+00  1.8482265760e+09
 2.4038550760e+00  1.8565690724e+09
 2.4095694700e+00  1.8632944067e+09
 2.4152838640e+00  1.8683556049e+09
 2.4209982580e+00  1.8717143475e+09
 2.4267126520e+00  1.8733415389e+09
 2.4324270460e+00  1.8732177583e+09
 2.4381414400e+00  1.8713335775e+09
 2.4438558340e+00  1.8676897395e+09
 2.4495702280e+00  1.8622971898e+09
 2.4552846220e+00  1.8551769609e+09
 2.4609990160e+00  1.8463599116e+09
 2.4667134100e+00  1.8358863281e+09
 2.4724278040e+00  1.8238053959e+09
 2.4781421980e+00  1.8101745571e+09
 2.4838565920e+00  1.7950587682e+09
 2.4895709860e+00  1.7785296763e+09
 2.4952853800e+00  1.7606647328e+09
 2.5009997740e+00  1.7415462657e+09
 2.5067141680e+00  1.7212605286e+09
 2.5124285620e+00  1.6998967472e+09
 2.5181429560e+00  1.6775461802e+09
 2.5238573500e+00  1.6543012117e+09
 2.5295717440e+00  1.6302544881e+09
 2.5352861380e+00  1.6054981132e+09
 2.5410005320e+00  1.5801229084e+09
 2.5467149260e+00  1.5542177483e+09
 2.5524293200e+00  1.5278689722e+09
 2.5581437140e+00  1.5011598783e+09
 2.5638581080e+00  1.4741702967e+09
 2.5695725020e+00  1.4469762434e+09
 2.5752868960e+00  1.4196496492e+09
 2.5810012900e+00  1.3922581612e+09
 2.5867156840e+00  1.3648650120e+09
 2.5924300780e+00  1.3375289484e+09
 2.5981444720e+00  1.3103042163e+09
 2.6038588660e+00  1.2832405933e+09
 2.6095732600e+00  1.2563834636e+09
 2.6152876540e+00  1.2297739277e+09
 2.6210020480e+00  1.2034489424e+09
 2.6267164420e+00  1.1774414841e+09
 2.6324308360e+00  1.1517807308e+09
 2.6381452300e+00  1.1264922575e+09
 2.6438596240e+00  1.1015982413e+09
 2.6495740180e+00  1.0771176716e+09
 2.6552884120e+00  1.0530665633e+09
 2.6610028060e+00  1.0294581688e+09
 2.6667172000e+00  1.0063031874e+09
 2.6724315940e+00  9.8360996969e+08
 2.6781459880e+00  9.6138471577e+08
 2.6838603820e+00  9.3963166537e+08
 2.6895747760e+00  9.1835327976e+08
 2.6952891700e+00  8.9755041420e+08
 2.7010035640e+00  8.7722248085e+08
 2.7067179580e+00  8.5736760160e+08
 2.7124323520e+00  8.3798275107e+08
 2.7181467460e+00  8.1906388966e+08
 2.7238611400e+00  8.0060608683e+08
 2.7295755340e+00  7.8260363495e+08
 2.7352899280e+00  7.6505015407e+08
 2.7410043220e+00  7.4793868792e+08
 2.7467187160e+00  7.3126179157e+08
 2.7524331100e+00  7.1501161132e+08
 2.7581475040e+00  6.9917995711e+08
 2.7638618980e+00  6.8375836808e+08
 2.7695762920e+00  6.6873817159e+08
 2.7752906860e+00  6.5411053628e+08
 2.7810050800e+00  6.3986651957e+08
 2.7867194740e+00  6.2599710996e+08
 2.7924338680e+00  6.1249326473e+08
 2.7981482620e+00  5.9934594316e+08
 2.8038626560e+00  5.8654613586e+08
 2.8095770500e+00  5.7408489049e+08
 2.8152914440e+00  5.6195333413e+08
 2.8210058380e+00  5.5014269272e+08
 2.8267202320e+00  5.3864430771e+08
 2.8324346260e+00  5.2744965035e+08
 2.8381490200e+00  5.1655033369e+08
 2.8438634140e+00  5.0593812267e+08
 2.8495778080e+00  4.9560494233e+08
 2.8552922020e+00  4.8554288454e+08
 2.8610065960e+00  4.7574421325e+08
 2.8667209900e+00  4.6620136844e+08
 2.8724353840e+00  4.5690696900e+08
 2.8781497780e+00  4.4785381461e+08
 2.8838641720e+00  4.3903488674e+08
 2.8895785660e+00  4.3044334884e+08
 2.8952929600e+00  4.2207254593e+08
 2.9010073540e+00  4.1391600353e+08
 2.9067217480e+00  4.0596742617e+08
 2.9124361420e+00  3.9822069534e+08
 2.9181505360e+00  3.9066986719e+08
 2.9238649300e+00  3.8330916985e+08
 2.9295793240e+00  3.7613300048e+08
 2.9352937180e+00  3.6913592211e+08
 2.9410081120e+00  3.6231266032e+08
 2.9467225060e+00  3.5565809974e+08
 2.9524369000e+00  3.4916728044e+08
 2.9581512940e+00  3.4283539428e+08
 2.9638656880e+00  3.3665778115e+08
 2.9695800820e+00  3.3062992517e+08
 2.9752944760e+00  3.2474745092e+08
 2.9810088700e+00  3.1900611961e+08
 2.9867232640e+00  3.1340182531e+08
 2.9924376580e+00  3.0793059116e+08
 2.9981520520e+00  3.0258856565e+08
 3.0038664460e+00  2.9737201891e+08
 3.0095808400e+00  2.9227733914e+08
 3.0152952340e+00  2.8730102893e+08
 3.0210096280e+00  2.8243970184e+08
 3.0267240220e+00  2.7769007890e+08
 3.0324384160e+00  2.7304898529e+08
 3.0381528100e+00  2.6851334698e+08
 3.0438672040e+00  2.6408018758e+08
 3.0495815980e+00  2.5974662516e+08
 3.0552959920e+00  2.5550986921e+08
 3.0610103860e+00  2.5136721768e+08
 3.0667247800e+00  2.4731605406e+08
 3.0724391740e+00  2.4335384458e+08
 3.0781535680e+00  2.3947813551e+08
 3.0838679620e+00  2.3568655046e+08
 3.0895823560e+00  2.3197678785e+08
 3.0952967500e+00  2.2834661842e+08
 3.1010111440e+00  2.2479388279e+08
 3.1067255380e+00  2.2131648915e+08
 3.1124399320e+00  2.1791241099e+08
 3.1181543260e+00  2.1457968491e+08
 3.1238687200e+00  2.1131640849e+08
 3.1295831140e+00  2.0812073830e+08
 3.1352975080e+00  2.0499088782e+08
 3.1410119020e+00  2.0192512563e+08
 3.1467262960e+00  1.9892177350e+08
 3.1524406900e+00  1.9597920461e+08
 3.1581550840e+00  1.9309584186e+08
 3.1638694780e+00  1.9027015616e+08
 3.1695838720e+00  1.8750066484e+08
 3.1752982660e+00  1.8478593010e+08
 3.1810126600e+00  1.8212455752e+08
 3.1867270540e+00  1.7951519458e+08
 3.1924414480e+00  1.7695652928e+08
 3.1981558420e+00  1.7444728881e+08
 3.2038702360e+00  1.7198623823e+08
 3.2095846300e+00  1.6957217921e+08
 3.2152990240e+00  1.6720394881e+08
 3.2210134180e+00  1.6488041835e+08
 3.2267278120e+00  1.6260049225e+08
 3.2324422060e+00  1.6036310693e+08
 3.2381566000e+00  1.5816722981e+08
 3.2438709940e+00  1.5601185822e+08
 3.2495853880e+00  1.5389601850e+08
 3.2552997820e+00  1.5181876501e+08
 3.2610141760e+00  1.4977917924e+08
 3.2667285700e+00  1.4777636889e+08
 3.2724429640e+00  1.4580946710e+08
 3.2781573580e+00  1.4387763155e+08
 3.2838717520e+00  1.4198004373e+08
 3.2895861460e+00  1.4011590813e+08
 3.2953005400e+00  1.3828445155e+08
 3.3010149340e+00  1.3648492236e+08
 3.3067293280e+00  1.3471658983e+08
 3.3124437220e+00  1.3297874345e+08
 3.3181581160e+00  1.3127069232e+08
 3.3238725100e+00  1.2959176449e+08
 3.3295869040e+00  1.2794130642e+08
 3.3353012980e+00  1.2631868238e+08
 3.3410156920e+00  1.2472327385e+08
 3.3467300860e+00  1.2315447909e+08
 3.3524444800e+00  1.2161171250e+08
 3.3581588740e+00  1.2009440421e+08
 3.3638732680e+00  1.1860199957e+08
 3.3695876620e+00  1.1713395866e+08
 3.3753020560e+00  1.1568975588e+08
 3.3810164500e+00  1.1426887948e+08
 3.3867308440e+00  1.1287083117e+08
 3.3924452380e+00  1.1149512567e+08
 3.3981596320e+00  1.1014129037e+08
 3.4038740260e+00  1.0880886491e+08
 3.4095884200e+00  1.0749740083e+08
 3.4153028140e+00  1.0620646123e+08
 3.4210172080e+00  1.0493562038e+08
 3.4267316020e+00  1.0368446343e+08
 3.4324459960e+00  1.0245258610e+08
 3.4381603900e+00  1.0123959431e+08
 3.4438747840e+00  1.0004510395e+08
 3.4495891780e+00  9.8868740527e+07
 3.4553035720e+00  9.7710138941e+07
 3.4610179660e+00  9.6568943172e+07
 3.4667323600e+00  9.5444806038e+07
 3.4724467540e+00  9.4337388931e+07
 3.4781611480e+00  9.3246361580e+07
 3.4838755420e+00  9.2171401803e+07
 3.4895899360e+00  9.1112195284e+07
 3.4953043300e+00  9.0068435347e+07
 3.5010187240e+00  8.9039822739e+07
 3.5067331180e+00  8.8026065424e+07
 3.5124475120e+00  8.7026878376e+07
 3.5181619060e+00  8.6041983387e+07
 3.5238763000e+00  8.5071108875e+07
 3.5295906940e+00  8.4113989699e+07
 3.5353050880e+00  8.3170366984e+07
 3.5410194820e+00  8.2239987945e+07
 3.5467338760e+00  8.1322605721e+07
 3.5524482700e+00  8.0417979212e+07
 3.5581626640e+00  7.9525872923e+07
 3.5638770580e+00  7.8646056813e+07
 3.5695914520e+00  7.7778306142e+07
 3.5753058460e+00  7.6922401334e+07
 3.5810202400e+00  7.6078127834e+07
 3.5867346340e+00  7.5245275975e+07
 3.5924490280e+00  7.4423640848e+07
 3.5981634220e+00  7.3613022174e+07
 3.6038778160e+00  7.2813224183e+07
 3.6095922100e+00  7.2024055493e+07
 3.6153066040e+00  7.1245328996e+07
 3.6210209980e+00  7.0476861743e+07
 3.6267353920e+00  6.9718474842e+07
 3.6324497860e+00  6.8969993343e+07
 3.6381641800e+00  6.8231246143e+07
 3.6438785740e+00  6.7502065883e+07
 3.6495929680e+00  6.6782288854e+07
 3.6553073620e+00  6.6071754900e+07
 3.6610217560e+00  6.5370307329e+07
 3.6667361500e+00  6.4677792826e+07
 3.6724505440e+00  6.3994061363e+07
 3.6781649380e+00  6.3318966121e+07
 3.6838793320e+00  6.2652363405e+07
 3.6895937260e+00  6.1994112565e+07
 3.6953081200e+00  6.1344075925e+07
 3.7010225140e+00  6.0702118703e+07
 3.7067369080e+00  6.0068108941e+07
 3.7124513020e+00  5.9441917436e+07
 3.7181656960e+00  5.8823417670e+07
 3.7238800900e+00  5.8212485746e+07
 3.7295944840e+00  5.7609000320e+07
 3.7353088780e+00  5.7012842544e+07
 3.7410232720e+00  5.6423896000e+07
 3.7467376660e+00  5.5842046643e+07
 3.7524520600e+00  5.5267182746e+07
 3.7581664540e+00  5.4699194839e+07
 3.7638808480e+00  5.4137975658e+07
 3.7695952420e+00  5.3583420091e+07
 3.7753096360e+00  5.3035425129e+07
 3.7810240300e+00  5.2493889812e+07
 3.7867384240e+00  5.1958715182e+07
 3.7924528180e+00  5.1429804237e+07
 3.7981672120e+00  5.0907061885e+07
 3.8038816060e+00  5.0390394896e+07
 3.8095960000e+00  4.9879711860e+07
