 9.5239900000e-01  9.1032651187e+06
 9.5811339400e-01  9.2463594626e+06
 9.6382778800e-01  9.3912630807e+06
 9.6954218200e-01  9.5380073062e+06
 9.7525657600e-01  9.6866254052e+06
 9.8097097000e-01  9.8371492927e+06
 9.8668536400e-01  9.9896075672e+06
 9.9239975800e-01  1.0144026185e+07
 9.9811415200e-01  1.0300431425e+07
 1.0038285460e+00  1.0458853302e+07
 1.0095429400e+00  1.0619327269e+07
 1.0152573340e+00  1.0781893063e+07
 1.0209717280e+00  1.0946591423e+07
 1.0266861220e+00  1.1113460746e+07
 1.0324005160e+00  1.1282535883e+07
 1.0381149100e+00  1.1453849928e+07
 1.0438293040e+00  1.1627437949e+07
 1.0495436980e+00  1.1803340320e+07
 1.0552580920e+00  1.1981603526e+07
 1.0609724860e+00  1.2162277883e+07
 1.0666868800e+00  1.2345413598e+07
 1.0724012740e+00  1.2531057715e+07
 1.0781156680e+00  1.2719253974e+07
 1.0838300620e+00  1.2910045790e+07
 1.0895444560e+00  1.3103480536e+07
 1.0952588500e+00  1.3299612442e+07
 1.1009732440e+00  1.3498502223e+07
 1.1066876380e+00  1.3700213647e+07
 1.1124020320e+00  1.3904809218e+07
 1.1181164260e+00  1.4112347800e+07
 1.1238308200e+00  1.4322885812e+07
 1.1295452140e+00  1.4536481367e+07
 1.1352596080e+00  1.4753198810e+07
 1.1409740020e+00  1.4973110763e+07
 1.1466883960e+00  1.5196296364e+07
 1.1524027900e+00  1.5422836778e+07
 1.1581171840e+00  1.5652810886e+07
 1.1638315780e+00  1.5886294009e+07
 1.1695459720e+00  1.6123360648e+07
 1.1752603660e+00  1.6364089638e+07
 1.1809747600e+00  1.6608568517e+07
 1.1866891540e+00  1.6856894325e+07
 1.1924035480e+00  1.7109170304e+07
 1.1981179420e+00  1.7365500598e+07
 1.2038323360e+00  1.7625986428e+07
 1.2095467300e+00  1.7890726347e+07
 1.2152611240e+00  1.8159820628e+07
 1.2209755180e+00  1.8433377146e+07
 1.2266899120e+00  1.8711515088e+07
 1.2324043060e+00  1.8994364120e+07
 1.2381187000e+00  1.9282059547e+07
 1.2438330940e+00  1.9574736594e+07
 1.2495474880e+00  1.9872527632e+07
 1.2552618820e+00  2.0175564366e+07
 1.2609762760e+00  2.0483983836e+07
 1.2666906700e+00  2.0797934604e+07
 1.2724050640e+00  2.1117579248e+07
 1.2781194580e+00  2.1443091600e+07
 1.2838338520e+00  2.1774650516e+07
 1.2895482460e+00  2.2112434313e+07
 1.2952626400e+00  2.2456619674e+07
 1.3009770340e+00  2.2807386082e+07
 1.3066914280e+00  2.3164923250e+07
 1.3124058220e+00  2.3529437043e+07
 1.3181202160e+00  2.3901150191e+07
 1.3238346100e+00  2.4280297417e+07
 1.3295490040e+00  2.4667118211e+07
 1.3352633980e+00  2.5061852133e+07
 1.3409777920e+00  2.5464740077e+07
 1.3466921860e+00  2.5876031142e+07
 1.3524065800e+00  2.6295991122e+07
 1.3581209740e+00  2.6724907475e+07
 1.3638353680e+00  2.7163087737e+07
 1.3695497620e+00  2.7610852566e+07
 1.3752641560e+00  2.8068528135e+07
 1.3809785500e+00  2.8536443230e+07
 1.3866929440e+00  2.9014933514e+07
 1.3924073380e+00  2.9504350883e+07
 1.3981217320e+00  3.0005072458e+07
 1.4038361260e+00  3.0517503839e+07
 1.4095505200e+00  3.1042074814e+07
 1.4152649140e+00  3.1579230629e+07
 1.4209793080e+00  3.2129424954e+07
 1.4266937020e+00  3.2693119824e+07
 1.4324080960e+00  3.3270793550e+07
 1.4381224900e+00  3.3862952409e+07
 1.4438368840e+00  3.4470139409e+07
 1.4495512780e+00  3.5092935058e+07
 1.4552656720e+00  3.5731950216e+07
 1.4609800660e+00  3.6387816298e+07
 1.4666944600e+00  3.7061180105e+07
 1.4724088540e+00  3.7752707898e+07
 1.4781232480e+00  3.8463097512e+07
 1.4838376420e+00  3.9193092075e+07
 1.4895520360e+00  3.9943487677e+07
 1.4952664300e+00  4.0715131047e+07
 1.5009808240e+00  4.1508909781e+07
 1.5066952180e+00  4.2325742748e+07
 1.5124096120e+00  4.3166578602e+07
 1.5181240060e+00  4.4032405495e+07
 1.5238384000e+00  4.4924267952e+07
 1.5295527940e+00  4.5843282185e+07
 1.5352671880e+00  4.6790641847e+07
 1.5409815820e+00  4.7767612350e+07
 1.5466959760e+00  4.8775519426e+07
 1.5524103700e+00  4.9815741853e+07
 1.5581247640e+00  5.0889716192e+07
 1.5638391580e+00  5.1998954054e+07
 1.5695535520e+00  5.3145064450e+07
 1.5752679460e+00  5.4329770337e+07
 1.5809823400e+00  5.5554912000e+07
 1.5866967340e+00  5.6822438571e+07
 1.5924111280e+00  5.8134397115e+07
 1.5981255220e+00  5.9492931222e+07
 1.6038399160e+00  6.0900295710e+07
 1.6095543100e+00  6.2358884249e+07
 1.6152687040e+00  6.3871258454e+07
 1.6209830980e+00  6.5440165933e+07
 1.6266974920e+00  6.7068541935e+07
 1.6324118860e+00  6.8759500382e+07
 1.6381262800e+00  7.0516328054e+07
 1.6438406740e+00  7.2342495122e+07
 1.6495550680e+00  7.4241685953e+07
 1.6552694620e+00  7.6217841807e+07
 1.6609838560e+00  7.8275199640e+07
 1.6666982500e+00  8.0418313894e+07
 1.6724126440e+00  8.2652059782e+07
 1.6781270380e+00  8.4981630020e+07
 1.6838414320e+00  8.7412543395e+07
 1.6895558260e+00  8.9950678462e+07
 1.6952702200e+00  9.2602331479e+07
 1.7009846140e+00  9.5374283391e+07
 1.7066990080e+00  9.8273855710e+07
 1.7124134020e+00  1.0130894334e+08
 1.7181277960e+00  1.0448802944e+08
 1.7238421900e+00  1.0782020231e+08
 1.7295565840e+00  1.1131519755e+08
 1.7352709780e+00  1.1498347662e+08
 1.7409853720e+00  1.1883633322e+08
 1.7466997660e+00  1.2288600371e+08
 1.7524141600e+00  1.2714575726e+08
 1.7581285540e+00  1.3162995818e+08
 1.7638429480e+00  1.3635411583e+08
 1.7695573420e+00  1.4133495243e+08
 1.7752717360e+00  1.4659051614e+08
 1.7809861300e+00  1.5214034469e+08
 1.7867005240e+00  1.5800565850e+08
 1.7924149180e+00  1.6420954804e+08
 1.7981293120e+00  1.7077712812e+08
 1.8038437060e+00  1.7773565993e+08
 1.8095581000e+00  1.8511467088e+08
 1.8152724940e+00  1.9294611453e+08
 1.8209868880e+00  2.0126459712e+08
 1.8267012820e+00  2.1010766045e+08
 1.8324156760e+00  2.1951607620e+08
 1.8381300700e+00  2.2953409573e+08
 1.8438444640e+00  2.4020962073e+08
 1.8495588580e+00  2.5159430219e+08
 1.8552732520e+00  2.6374360781e+08
 1.8609876460e+00  2.7671689659e+08
 1.8667020400e+00  2.9057749610e+08
 1.8724164340e+00  3.0539271299e+08
 1.8781308280e+00  3.2123365497e+08
 1.8838452220e+00  3.3817473355e+08
 1.8895596160e+00  3.5629275149e+08
 1.8952740100e+00  3.7566552854e+08
 1.9009884040e+00  3.9637003775e+08
 1.9067027980e+00  4.1847997936e+08
 1.9124171920e+00  4.4206261744e+08
 1.9181315860e+00  4.6717459390e+08
 1.9238459800e+00  4.9385638083e+08
 1.9295603740e+00  5.2212508340e+08
 1.9352747680e+00  5.5196545945e+08
 1.9409891620e+00  5.8331923522e+08
 1.9467035560e+00  6.1607301689e+08
 1.9524179500e+00  6.5004531618e+08
 1.9581323440e+00  6.8497348701e+08
 1.9638467380e+00  7.2050181050e+08
 1.9695611320e+00  7.5617262939e+08
 1.9752755260e+00  7.9142323789e+08
 1.9809899200e+00  8.2559189527e+08
 1.9867043140e+00  8.5793640926e+08
 1.9924187080e+00  8.8766778256e+08
 1.9981331020e+00  9.1399921443e+08
 2.0038474960e+00  9.3620750483e+08
 2.0095618900e+00  9.5370031110e+08
 2.0152762840e+00  9.6607979472e+08
 2.0209906780e+00  9.7319202092e+08
 2.0267050720e+00  9.7515270973e+08
 2.0324194660e+00  9.7234356168e+08
 2.0381338600e+00  9.6537859837e+08
 2.0438482540e+00  9.5504541289e+08
 2.0495626480e+00  9.4223044829e+08
 2.0552770420e+00  9.2783934082e+08
 2.0609914360e+00  9.1272267138e+08
 2.0667058300e+00  8.9761470641e+08
 2.0724202240e+00  8.8308902152e+08
 2.0781346180e+00  8.6953156856e+08
 2.0838490120e+00  8.5712969152e+08
 2.0895634060e+00  8.4587506607e+08
 2.0952778000e+00  8.3557908762e+08
 2.1009921940e+00  8.2590000251e+08
 2.1067065880e+00  8.1638122107e+08
 2.1124209820e+00  8.0649933757e+08
 2.1181353760e+00  7.9571857818e+08
 2.1238497700e+00  7.8354638939e+08
 2.1295641640e+00  7.6958355073e+08
 2.1352785580e+00  7.5356224857e+08
 2.1409929520e+00  7.3536719645e+08
 2.1467073460e+00  7.1503777530e+08
 2.1524217400e+00  6.9275251115e+08
 2.1581361340e+00  6.6880009920e+08
 2.1638505280e+00  6.4354291190e+08
 2.1695649220e+00  6.1737919838e+08
 2.1752793160e+00  5.9070915663e+08
 2.1809937100e+00  5.6390823348e+08
 2.1867081040e+00  5.3730899281e+08
 2.1924224980e+00  5.1119120320e+08
 2.1981368920e+00  4.8577871714e+08
 2.2038512860e+00  4.6124127743e+08
 2.2095656800e+00  4.3769944297e+08
 2.2152800740e+00  4.1523115565e+08
 2.2209944680e+00  3.9387887501e+08
 2.2267088620e+00  3.7365656878e+08
 2.2324232560e+00  3.5455612382e+08
 2.2381376500e+00  3.3655294086e+08
 2.2438520440e+00  3.1961062158e+08
 2.2495664380e+00  3.0368476230e+08
 2.2552808320e+00  2.8872593986e+08
 2.2609952260e+00  2.7468201069e+08
 2.2667096200e+00  2.6149984892e+08
 2.2724240140e+00  2.4912663404e+08
 2.2781384080e+00  2.3751077698e+08
 2.2838528020e+00  2.2660255698e+08
 2.2895671960e+00  2.1635453124e+08
 2.2952815900e+00  2.0672177370e+08
 2.3009959840e+00  1.9766199167e+08
 2.3067103780e+00  1.8913555790e+08
 2.3124247720e+00  1.8110548292e+08
 2.3181391660e+00  1.7353734248e+08
 2.3238535600e+00  1.6639916997e+08
 2.3295679540e+00  1.5966132452e+08
 2.3352823480e+00  1.5329634698e+08
 2.3409967420e+00  1.4727881593e+08
 2.3467111360e+00  1.4158521105e+08
 2.3524255300e+00  1.3619378527e+08
 2.3581399240e+00  1.3108444175e+08
 2.3638543180e+00  1.2623861148e+08
 2.3695687120e+00  1.2163913044e+08
 2.3752831060e+00  1.1727012025e+08
 2.3809975000e+00  1.1311687870e+08
 2.3867118940e+00  1.0916578476e+08
 2.3924262880e+00  1.0540421795e+08
 2.3981406820e+00  1.0182048708e+08
 2.4038550760e+00  9.8403761710e+07
 2.4095694700e+00  9.5144002160e+07
 2.4152838640e+00  9.2031888933e+07
 2.4209982580e+00  8.9058756383e+07
 2.4267126520e+00  8.6216536058e+07
 2.4324270460e+00  8.3497711892e+07
 2.4381414400e+00  8.0895284604e+07
 2.4438558340e+00  7.8402739416e+07
 2.4495702280e+00  7.6014011614e+07
 2.4552846220e+00  7.3723448209e+07
 2.4609990160e+00  7.1525768512e+07
 2.4667134100e+00  6.9416028894e+07
 2.4724278040e+00  6.7389595847e+07
 2.4781421980e+00  6.5442127586e+07
 2.4838565920e+00  6.3569560335e+07
 2.4895709860e+00  6.1768093865e+07
 2.4952853800e+00  6.0034172611e+07
 2.5009997740e+00  5.8364462695e+07
 2.5067141680e+00  5.6755828724e+07
 2.5124285620e+00  5.5205315133e+07
 2.5181429560e+00  5.3710134591e+07
 2.5238573500e+00  5.2267662170e+07
 2.5295717440e+00  5.0875431016e+07
 2.5352861380e+00  4.9531125048e+07
 2.5410005320e+00  4.8232566802e+07
 2.5467149260e+00  4.6977702188e+07
 2.5524293200e+00  4.5764586267e+07
 2.5581437140e+00  4.4591373827e+07
 2.5638581080e+00  4.3456315743e+07
 2.5695725020e+00  4.2357758786e+07
 2.5752868960e+00  4.1294144760e+07
 2.5810012900e+00  4.0264005714e+07
 2.5867156840e+00  3.9265954840e+07
 2.5924300780e+00  3.8298675668e+07
 2.5981444720e+00  3.7360913379e+07
 2.6038588660e+00  3.6451470819e+07
 2.6095732600e+00  3.5569208939e+07
 2.6152876540e+00  3.4713048772e+07
 2.6210020480e+00  3.3881971364e+07
 2.6267164420e+00  3.3075013647e+07
 2.6324308360e+00  3.2291260995e+07
 2.6381452300e+00  3.1529839429e+07
 2.6438596240e+00  3.0789910666e+07
 2.6495740180e+00  3.0070671429e+07
 2.6552884120e+00  2.9371355799e+07
 2.6610028060e+00  2.8691237616e+07
 2.6667172000e+00  2.8029630088e+07
 2.6724315940e+00  2.7385881717e+07
 2.6781459880e+00  2.6759370066e+07
 2.6838603820e+00  2.6149496292e+07
 2.6895747760e+00  2.5555682839e+07
 2.6952891700e+00  2.4977374697e+07
 2.7010035640e+00  2.4414042406e+07
 2.7067179580e+00  2.3865184023e+07
 2.7124323520e+00  2.3330324051e+07
 2.7181467460e+00  2.2809009360e+07
 2.7238611400e+00  2.2300804066e+07
 2.7295755340e+00  2.1805285980e+07
 2.7352899280e+00  2.1322046181e+07
 2.7410043220e+00  2.0850691301e+07
 2.7467187160e+00  2.0390846447e+07
 2.7524331100e+00  1.9942156373e+07
 2.7581475040e+00  1.9504283732e+07
 2.7638618980e+00  1.9076905145e+07
 2.7695762920e+00  1.8659707195e+07
 2.7752906860e+00  1.8252384454e+07
 2.7810050800e+00  1.7854640339e+07
 2.7867194740e+00  1.7466189796e+07
 2.7924338680e+00  1.7086761702e+07
 2.7981482620e+00  1.6716099175e+07
 2.8038626560e+00  1.6353957332e+07
 2.8095770500e+00  1.6000099698e+07
 2.8152914440e+00  1.5654295300e+07
 2.8210058380e+00  1.5316317971e+07
 2.8267202320e+00  1.4985947995e+07
 2.8324346260e+00  1.4662974737e+07
 2.8381490200e+00  1.4347198345e+07
 2.8438634140e+00  1.4038429267e+07
 2.8495778080e+00  1.3736485758e+07
 2.8552922020e+00  1.3441190809e+07
 2.8610065960e+00  1.3152370267e+07
 2.8667209900e+00  1.2869853121e+07
 2.8724353840e+00  1.2593473533e+07
 2.8781497780e+00  1.2323073126e+07
 2.8838641720e+00  1.2058501927e+07
 2.8895785660e+00  1.1799617281e+07
 2.8952929600e+00  1.1546281331e+07
 2.9010073540e+00  1.1298358579e+07
 2.9067217480e+00  1.1055714930e+07
 2.9124361420e+00  1.0818218656e+07
 2.9181505360e+00  1.0585742502e+07
 2.9238649300e+00  1.0358165467e+07
 2.9295793240e+00  1.0135373044e+07
 2.9352937180e+00  9.9172557277e+06
 2.9410081120e+00  9.7037066760e+06
 2.9467225060e+00  9.4946199498e+06
 2.9524369000e+00  9.2898903234e+06
 2.9581512940e+00  9.0894146605e+06
 2.9638656880e+00  8.8930938623e+06
 2.9695800820e+00  8.7008340719e+06
 2.9752944760e+00  8.5125463301e+06
 2.9810088700e+00  8.3281448795e+06
 2.9867232640e+00  8.1475451622e+06
 2.9924376580e+00  7.9706627171e+06
 2.9981520520e+00  7.7974135835e+06
 3.0038664460e+00  7.6277158539e+06
 3.0095808400e+00  7.4614913097e+06
 3.0152952340e+00  7.2986660574e+06
 3.0210096280e+00  7.1391697473e+06
 3.0267240220e+00  6.9829338628e+06
 3.0324384160e+00  6.8298901385e+06
 3.0381528100e+00  6.6799700556e+06
 3.0438672040e+00  6.5331056543e+06
 3.0495815980e+00  6.3892310739e+06
 3.0552959920e+00  6.2482837898e+06
 3.0610103860e+00  6.1102047442e+06
 3.0667247800e+00  5.9749372870e+06
 3.0724391740e+00  5.8424255966e+06
 3.0781535680e+00  5.7126135555e+06
 3.0838679620e+00  5.5854447440e+06
 3.0895823560e+00  5.4608634891e+06
 3.0952967500e+00  5.3388162498e+06
 3.1010111440e+00  5.2192524290e+06
 3.1067255380e+00  5.1021240950e+06
 3.1124399320e+00  4.9873847950e+06
 3.1181543260e+00  4.8749882116e+06
 3.1238687200e+00  4.7648874860e+06
 3.1295831140e+00  4.6570355917e+06
 3.1352975080e+00  4.5513864675e+06
 3.1410119020e+00  4.4478961554e+06
 3.1467262960e+00  4.3465232073e+06
 3.1524406900e+00  4.2472281099e+06
 3.1581550840e+00  4.1499721008e+06
 3.1638694780e+00  4.0547161213e+06
 3.1695838720e+00  3.9614205414e+06
 3.1752982660e+00  3.8700457898e+06
 3.1810126600e+00  3.7805534480e+06
 3.1867270540e+00  3.6929070930e+06
 3.1924414480e+00  3.6070723516e+06
 3.1981558420e+00  3.5230161443e+06
 3.2038702360e+00  3.4407056043e+06
 3.2095846300e+00  3.3601073489e+06
 3.2152990240e+00  3.2811875357e+06
 3.2210134180e+00  3.2039126316e+06
 3.2267278120e+00  3.1282503783e+06
 3.2324422060e+00  3.0541703298e+06
 3.2381566000e+00  2.9816436286e+06
 3.2438709940e+00  2.9106421736e+06
 3.2495853880e+00  2.8411377123e+06
 3.2552997820e+00  2.7731014192e+06
 3.2610141760e+00  2.7065041999e+06
 3.2667285700e+00  2.6413174982e+06
 3.2724429640e+00  2.5775140746e+06
 3.2781573580e+00  2.5150682608e+06
 3.2838717520e+00  2.4539555386e+06
 3.2895861460e+00  2.3941517222e+06
 3.2953005400e+00  2.3356322612e+06
 3.3010149340e+00  2.2783720909e+06
 3.3067293280e+00  2.2223460987e+06
 3.3124437220e+00  2.1675298875e+06
 3.3181581160e+00  2.1139003411e+06
 3.3238725100e+00  2.0614356371e+06
 3.3295869040e+00  2.0101147112e+06
 3.3353012980e+00  1.9599165203e+06
 3.3410156920e+00  1.9108195679e+06
 3.3467300860e+00  1.8628019748e+06
 3.3524444800e+00  1.8158420276e+06
 3.3581588740e+00  1.7699188405e+06
 3.3638732680e+00  1.7250127064e+06
 3.3695876620e+00  1.6811049235e+06
 3.3753020560e+00  1.6381772169e+06
 3.3810164500e+00  1.5962111287e+06
 3.3867308440e+00  1.5551877535e+06
 3.3924452380e+00  1.5150879710e+06
 3.3981596320e+00  1.4758930079e+06
 3.4038740260e+00  1.4375849626e+06
 3.4095884200e+00  1.4001469621e+06
 3.4153028140e+00  1.3635628597e+06
 3.4210172080e+00  1.3278166754e+06
 3.4267316020e+00  1.2928921350e+06
 3.4324459960e+00  1.2587725893e+06
 3.4381603900e+00  1.2254413475e+06
 3.4438747840e+00  1.1928822002e+06
 3.4495891780e+00  1.1610797929e+06
 3.4553035720e+00  1.1300196200e+06
 3.4610179660e+00  1.0996876513e+06
 3.4667323600e+00  1.0700698357e+06
 3.4724467540e+00  1.0411517931e+06
 3.4781611480e+00  1.0129188791e+06
 3.4838755420e+00  9.8535656621e+05
 3.4895899360e+00  9.5845088967e+05
 3.4953043300e+00  9.3218867345e+05
 3.5010187240e+00  9.0655740086e+05
 3.5067331180e+00  8.8154481998e+05
 3.5124475120e+00  8.5713853778e+05
 3.5181619060e+00  8.3332585521e+05
 3.5238763000e+00  8.1009393558e+05
 3.5295906940e+00  7.8743018743e+05
 3.5353050880e+00  7.6532261238e+05
 3.5410194820e+00  7.4375989973e+05
 3.5467338760e+00  7.2273121518e+05
 3.5524482700e+00  7.0222582475e+05
 3.5581626640e+00  6.8223279282e+05
 3.5638770580e+00  6.6274093878e+05
 3.5695914520e+00  6.4373906838e+05
 3.5753058460e+00  6.2521632344e+05
 3.5810202400e+00  6.0716242547e+05
 3.5867346340e+00  5.8956766256e+05
 3.5924490280e+00  5.7242263537e+05
 3.5981634220e+00  5.5571792783e+05
 3.6038778160e+00  5.3944390949e+05
 3.6095922100e+00  5.2359078673e+05
 3.6153066040e+00  5.0814886029e+05
 3.6210209980e+00  4.9310881917e+05
 3.6267353920e+00  4.7846188433e+05
 3.6324497860e+00  4.6419971632e+05
 3.6381641800e+00  4.5031415157e+05
 3.6438785740e+00  4.3679693702e+05
 3.6495929680e+00  4.2363962734e+05
 3.6553073620e+00  4.1083370180e+05
 3.6610217560e+00  3.9837081817e+05
 3.6667361500e+00  3.8624303879e+05
 3.6724505440e+00  3.7444288719e+05
 3.6781649380e+00  3.6296320487e+05
 3.6838793320e+00  3.5179690370e+05
 3.6895937260e+00  3.4093677117e+05
 3.6953081200e+00  3.3037544690e+05
 3.7010225140e+00  3.2010557733e+05
 3.7067369080e+00  3.1012004429e+05
 3.7124513020e+00  3.0041212066e+05
 3.7181656960e+00  2.9097545756e+05
 3.7238800900e+00  2.8180391615e+05
 3.7295944840e+00  2.7289135379e+05
 3.7353088780e+00  2.6423149843e+05
 3.7410232720e+00  2.5581798531e+05
 3.7467376660e+00  2.4764452557e+05
 3.7524520600e+00  2.3970509567e+05
 3.7581664540e+00  2.3199402736e+05
 3.7638808480e+00  2.2450594502e+05
 3.7695952420e+00  2.1723559398e+05
 3.7753096360e+00  2.1017767025e+05
 3.7810240300e+00  2.0332675652e+05
 3.7867384240e+00  1.9667739941e+05
 3.7924528180e+00  1.9022427304e+05
 3.7981672120e+00  1.8396232294e+05
 3.8038816060e+00  1.7788679999e+05
 3.8095960000e+00  1.7199316690e+05
