#  Energy (ev)    Absorption NP      Absorption MG
  9.5239900000e-01  5.2757433932e+20  2.0400716848e+19
  9.5811339400e-01  5.2979665768e+20  2.0691169294e+19
  9.6382778800e-01  5.3200354225e+20  2.0986021083e+19
  9.6954218200e-01  5.3419529011e+20  2.1285367464e+19
  9.7525657600e-01  5.3637219977e+20  2.1589305994e+19
  9.8097097000e-01  5.3853457174e+20  2.1897936594e+19
  9.8668536400e-01  5.4068270874e+20  2.2211361627e+19
  9.9239975800e-01  5.4281691549e+20  2.2529685960e+19
  9.9811415200e-01  5.4493749830e+20  2.2853017042e+19
  1.0038285460e+00  5.4704476462e+20  2.3181464976e+19
  1.0095429400e+00  5.4913902303e+20  2.3515142599e+19
  1.0152573340e+00  5.5122058362e+20  2.3854165561e+19
  1.0209717280e+00  5.5328975861e+20  2.4198652408e+19
  1.0266861220e+00  5.5534686286e+20  2.4548724667e+19
  1.0324005160e+00  5.5739221392e+20  2.4904506939e+19
  1.0381149100e+00  5.5942613178e+20  2.5266126982e+19
  1.0438293040e+00  5.6144893834e+20  2.5633715817e+19
  1.0495436980e+00  5.6346095722e+20  2.6007407816e+19
  1.0552580920e+00  5.6546251404e+20  2.6387340810e+19
  1.0609724860e+00  5.6745393695e+20  2.6773656192e+19
  1.0666868800e+00  5.6943555739e+20  2.7166499024e+19
  1.0724012740e+00  5.7140771046e+20  2.7566018152e+19
  1.0781156680e+00  5.7337073483e+20  2.7972366320e+19
  1.0838300620e+00  5.7532497236e+20  2.8385700292e+19
  1.0895444560e+00  5.7727076775e+20  2.8806180975e+19
  1.0952588500e+00  5.7920846857e+20  2.9233973549e+19
  1.1009732440e+00  5.8113842579e+20  2.9669247599e+19
  1.1066876380e+00  5.8306099460e+20  3.0112177253e+19
  1.1124020320e+00  5.8497653503e+20  3.0562941328e+19
  1.1181164260e+00  5.8688541225e+20  3.1021723471e+19
  1.1238308200e+00  5.8878799632e+20  3.1488712319e+19
  1.1295452140e+00  5.9068466185e+20  3.1964101655e+19
  1.1352596080e+00  5.9257578782e+20  3.2448090570e+19
  1.1409740020e+00  5.9446175797e+20  3.2940883634e+19
  1.1466883960e+00  5.9634296160e+20  3.3442691075e+19
  1.1524027900e+00  5.9821979450e+20  3.3953728957e+19
  1.1581171840e+00  6.0009265948e+20  3.4474219370e+19
  1.1638315780e+00  6.0196196656e+20  3.5004390627e+19
  1.1695459720e+00  6.0382813262e+20  3.5544477466e+19
  1.1752603660e+00  6.0569158123e+20  3.6094721258e+19
  1.1809747600e+00  6.0755274277e+20  3.6655370226e+19
  1.1866891540e+00  6.0941205522e+20  3.7226679672e+19
  1.1924035480e+00  6.1126996515e+20  3.7808912206e+19
  1.1981179420e+00  6.1312692875e+20  3.8402337994e+19
  1.2038323360e+00  6.1498341228e+20  3.9007235002e+19
  1.2095467300e+00  6.1683989210e+20  3.9623889261e+19
  1.2152611240e+00  6.1869685445e+20  4.0252595135e+19
  1.2209755180e+00  6.2055479548e+20  4.0893655601e+19
  1.2266899120e+00  6.2241422190e+20  4.1547382536e+19
  1.2324043060e+00  6.2427565210e+20  4.2214097020e+19
  1.2381187000e+00  6.2613961739e+20  4.2894129646e+19
  1.2438330940e+00  6.2800666302e+20  4.3587820841e+19
  1.2495474880e+00  6.2987734857e+20  4.4295521206e+19
  1.2552618820e+00  6.3175224800e+20  4.5017591856e+19
  1.2609762760e+00  6.3363194967e+20  4.5754404784e+19
  1.2666906700e+00  6.3551705686e+20  4.6506343233e+19
  1.2724050640e+00  6.3740818890e+20  4.7273802081e+19
  1.2781194580e+00  6.3930598270e+20  4.8057188246e+19
  1.2838338520e+00  6.4121109428e+20  4.8856921097e+19
  1.2895482460e+00  6.4312419974e+20  4.9673432889e+19
  1.2952626400e+00  6.4504599576e+20  5.0507169207e+19
  1.3009770340e+00  6.4697719980e+20  5.1358589433e+19
  1.3066914280e+00  6.4891855064e+20  5.2228167221e+19
  1.3124058220e+00  6.5087080951e+20  5.3116391004e+19
  1.3181202160e+00  6.5283476195e+20  5.4023764500e+19
  1.3238346100e+00  6.5481121974e+20  5.4950807257e+19
  1.3295490040e+00  6.5680102270e+20  5.5898055203e+19
  1.3352633980e+00  6.5880503983e+20  5.6866061220e+19
  1.3409777920e+00  6.6082417005e+20  5.7855395747e+19
  1.3466921860e+00  6.6285934293e+20  5.8866647390e+19
  1.3524065800e+00  6.6491152004e+20  5.9900423567e+19
  1.3581209740e+00  6.6698169695e+20  6.0957351171e+19
  1.3638353680e+00  6.6907090588e+20  6.2038077253e+19
  1.3695497620e+00  6.7118021833e+20  6.3143269740e+19
  1.3752641560e+00  6.7331074720e+20  6.4273618165e+19
  1.3809785500e+00  6.7546364841e+20  6.5429834432e+19
  1.3866929440e+00  6.7764012228e+20  6.6612653606e+19
  1.3924073380e+00  6.7984141524e+20  6.7822834728e+19
  1.3981217320e+00  6.8206882232e+20  6.9061161659e+19
  1.4038361260e+00  6.8432369056e+20  7.0328443950e+19
  1.4095505200e+00  6.8660742264e+20  7.1625517749e+19
  1.4152649140e+00  6.8892148046e+20  7.2953246728e+19
  1.4209793080e+00  6.9126738808e+20  7.4312523047e+19
  1.4266937020e+00  6.9364673427e+20  7.5704268345e+19
  1.4324080960e+00  6.9606117517e+20  7.7129434764e+19
  1.4381224900e+00  6.9851243770e+20  7.8589006005e+19
  1.4438368840e+00  7.0100232390e+20  8.0083998413e+19
  1.4495512780e+00  7.0353271615e+20  8.1615462098e+19
  1.4552656720e+00  7.0610558256e+20  8.3184482084e+19
  1.4609800660e+00  7.0872298198e+20  8.4792179490e+19
  1.4666944600e+00  7.1138706855e+20  8.6439712748e+19
  1.4724088540e+00  7.1410009619e+20  8.8128278842e+19
  1.4781232480e+00  7.1686442359e+20  8.9859114589e+19
  1.4838376420e+00  7.1968252038e+20  9.1633497939e+19
  1.4895520360e+00  7.2255697443e+20  9.3452749306e+19
  1.4952664300e+00  7.2549049998e+20  9.5318232933e+19
  1.5009808240e+00  7.2848594571e+20  9.7231358269e+19
  1.5066952180e+00  7.3154630261e+20  9.9193581378e+19
  1.5124096120e+00  7.3467471154e+20  1.0120640636e+20
  1.5181240060e+00  7.3787447132e+20  1.0327138680e+20
  1.5238384000e+00  7.4114904791e+20  1.0539012722e+20
  1.5295527940e+00  7.4450208522e+20  1.0756428453e+20
  1.5352671880e+00  7.4793741729e+20  1.0979556949e+20
  1.5409815820e+00  7.5145908119e+20  1.1208574821e+20
  1.5466959760e+00  7.5507133007e+20  1.1443664354e+20
  1.5524103700e+00  7.5877864608e+20  1.1685013655e+20
  1.5581247640e+00  7.6258575388e+20  1.1932816791e+20
  1.5638391580e+00  7.6649763520e+20  1.2187273926e+20
  1.5695535520e+00  7.7051954560e+20  1.2448591455e+20
  1.5752679460e+00  7.7465703319e+20  1.2716982127e+20
  1.5809823400e+00  7.7891595921e+20  1.2992665164e+20
  1.5866967340e+00  7.8330251946e+20  1.3275866369e+20
  1.5924111280e+00  7.8782326632e+20  1.3566818226e+20
  1.5981255220e+00  7.9248513151e+20  1.3865759980e+20
  1.6038399160e+00  7.9729545035e+20  1.4172937708e+20
  1.6095543100e+00  8.0226198863e+20  1.4488604373e+20
  1.6152687040e+00  8.0739297256e+20  1.4813019844e+20
  1.6209830980e+00  8.1269712174e+20  1.5146450913e+20
  1.6266974920e+00  8.1818368460e+20  1.5489171263e+20
  1.6324118860e+00  8.2386247543e+20  1.5841461419e+20
  1.6381262800e+00  8.2974391318e+20  1.6203608657e+20
  1.6438406740e+00  8.3583906243e+20  1.6575906875e+20
  1.6495550680e+00  8.4215967784e+20  1.6958656413e+20
  1.6552694620e+00  8.4871825314e+20  1.7352163831e+20
  1.6609838560e+00  8.5552807490e+20  1.7756741618e+20
  1.6666982500e+00  8.6260328083e+20  1.8172707848e+20
  1.6724126440e+00  8.6995892181e+20  1.8600385756e+20
  1.6781270380e+00  8.7761102733e+20  1.9040103239e+20
  1.6838414320e+00  8.8557667452e+20  1.9492192264e+20
  1.6895558260e+00  8.9387406220e+20  1.9956988188e+20
  1.6952702200e+00  9.0252259107e+20  2.0434828960e+20
  1.7009846140e+00  9.1154295112e+20  2.0926054212e+20
  1.7066990080e+00  9.2095721617e+20  2.1431004219e+20
  1.7124134020e+00  9.3078894483e+20  2.1950018718e+20
  1.7181277960e+00  9.4106328708e+20  2.2483435575e+20
  1.7238421900e+00  9.5180709629e+20  2.3031589286e+20
  1.7295565840e+00  9.6304904743e+20  2.3594809294e+20
  1.7352709780e+00  9.7481976263e+20  2.4173418118e+20
  1.7409853720e+00  9.8715194518e+20  2.4767729272e+20
  1.7466997660e+00  1.0000805219e+21  2.5378044960e+20
  1.7524141600e+00  1.0136427927e+21  2.6004653539e+20
  1.7581285540e+00  1.0278785852e+21  2.6647826732e+20
  1.7638429480e+00  1.0428304128e+21  2.7307816572e+20
  1.7695573420e+00  1.0585436345e+21  2.7984852084e+20
  1.7752717360e+00  1.0750666162e+21  2.8679135671e+20
  1.7809861300e+00  1.0924508913e+21  2.9390839218e+20
  1.7867005240e+00  1.1107513194e+21  3.0120099884e+20
  1.7924149180e+00  1.1300262360e+21  3.0867015614e+20
  1.7981293120e+00  1.1503375893e+21  3.1631640333e+20
  1.8038437060e+00  1.1717510515e+21  3.2413978860e+20
  1.8095581000e+00  1.1943360987e+21  3.3213981541e+20
  1.8152724940e+00  1.2181660461e+21  3.4031538618e+20
  1.8209868880e+00  1.2433180275e+21  3.4866474370e+20
  1.8267012820e+00  1.2698729020e+21  3.5718541051e+20
  1.8324156760e+00  1.2979150680e+21  3.6587412677e+20
  1.8381300700e+00  1.3275321568e+21  3.7472678713e+20
  1.8438444640e+00  1.3588145737e+21  3.8373837731e+20
  1.8495588580e+00  1.3918548486e+21  3.9290291113e+20
  1.8552732520e+00  1.4267467536e+21  4.0221336891e+20
  1.8609876460e+00  1.4635841384e+21  4.1166163829e+20
  1.8667020400e+00  1.5024594304e+21  4.2123845865e+20
  1.8724164340e+00  1.5434617335e+21  4.3093337035e+20
  1.8781308280e+00  1.5866744576e+21  4.4073467024e+20
  1.8838452220e+00  1.6321723990e+21  4.5062937486e+20
  1.8895596160e+00  1.6800181967e+21  4.6060319292e+20
  1.8952740100e+00  1.7302580882e+21  4.7064050861e+20
  1.9009884040e+00  1.7829169073e+21  4.8072437732e+20
  1.9067027980e+00  1.8379922834e+21  4.9083653524e+20
  1.9124171920e+00  1.8954480376e+21  5.0095742439e+20
  1.9181315860e+00  1.9552068196e+21  5.1106623419e+20
  1.9238459800e+00  2.0171421004e+21  5.2114096070e+20
  1.9295603740e+00  2.0810697269e+21  5.3115848427e+20
  1.9352747680e+00  2.1467393698e+21  5.4109466597e+20
  1.9409891620e+00  2.2138263372e+21  5.5092446294e+20
  1.9467035560e+00  2.2819243835e+21  5.6062206201e+20
  1.9524179500e+00  2.3505403050e+21  5.7016103083e+20
  1.9581323440e+00  2.4190912423e+21  5.7951448505e+20
  1.9638467380e+00  2.4869056953e+21  5.8865526957e+20
  1.9695611320e+00  2.5532292537e+21  5.9755615138e+20
  1.9752755260e+00  2.6172359148e+21  6.0619002127e+20
  1.9809899200e+00  2.6780455818e+21  6.1453010104e+20
  1.9867043140e+00  2.7347478724e+21  6.2255015271e+20
  1.9924187080e+00  2.7864317505e+21  6.3022468611e+20
  1.9981331020e+00  2.8322197608e+21  6.3752916099e+20
  2.0038474960e+00  2.8713048967e+21  6.4444018024e+20
  2.0095618900e+00  2.9029874963e+21  6.5093567057e+20
  2.0152762840e+00  2.9267091714e+21  6.5699504782e+20
  2.0209906780e+00  2.9420807445e+21  6.6259936437e+20
  2.0267050720e+00  2.9489015577e+21  6.6773143651e+20
  2.0324194660e+00  2.9471682991e+21  6.7237595072e+20
  2.0381338600e+00  2.9370725556e+21  6.7651954802e+20
  2.0438482540e+00  2.9189874871e+21  6.8015088656e+20
  2.0495626480e+00  2.8934451206e+21  6.8326068298e+20
  2.0552770420e+00  2.8611066159e+21  6.8584173377e+20
  2.0609914360e+00  2.8227283393e+21  6.8788891835e+20
  2.0667058300e+00  2.7791266601e+21  6.8939918557e+20
  2.0724202240e+00  2.7311441043e+21  6.9037152590e+20
  2.0781346180e+00  2.6796189525e+21  6.9080693141e+20
  2.0838490120e+00  2.6253596947e+21  6.9070834542e+20
  2.0895634060e+00  2.5691250632e+21  6.9008060381e+20
  2.0952778000e+00  2.5116097591e+21  6.8893036932e+20
  2.1009921940e+00  2.4534355212e+21  6.8726606015e+20
  2.1067065880e+00  2.3951468697e+21  6.8509777359e+20
  2.1124209820e+00  2.3372106912e+21  6.8243720515e+20
  2.1181353760e+00  2.2800187822e+21  6.7929756328e+20
  2.1238497700e+00  2.2238925075e+21  6.7569347963e+20
  2.1295641640e+00  2.1690888243e+21  6.7164091461e+20
  2.1352785580e+00  2.1158070515e+21  6.6715705785e+20
  2.1409929520e+00  2.0641958960e+21  6.6226022332e+20
  2.1467073460e+00  2.0143603787e+21  6.5696973893e+20
  2.1524217400e+00  1.9663684119e+21  6.5130583065e+20
  2.1581361340e+00  1.9202568716e+21  6.4528950130e+20
  2.1638505280e+00  1.8760370763e+21  6.3894240474e+20
  2.1695649220e+00  1.8336996379e+21  6.3228671604e+20
  2.1752793160e+00  1.7932186844e+21  6.2534499886e+20
  2.1809937100e+00  1.7545554849e+21  6.1814007138e+20
  2.1867081040e+00  1.7176615205e+21  6.1069487212e+20
  2.1924224980e+00  1.6824810599e+21  6.0303232736e+20
  2.1981368920e+00  1.6489532955e+21  5.9517522188e+20
  2.2038512860e+00  1.6170140981e+21  5.8714607451e+20
  2.2095656800e+00  1.5865974430e+21  5.7896702019e+20
  2.2152800740e+00  1.5576365520e+21  5.7065969987e+20
  2.2209944680e+00  1.5300647964e+21  5.6224515955e+20
  2.2267088620e+00  1.5038163979e+21  5.5374375939e+20
  2.2324232560e+00  1.4788269632e+21  5.4517509370e+20
  2.2381376500e+00  1.4550338845e+21  5.3655792232e+20
  2.2438520440e+00  1.4323766301e+21  5.2791011357e+20
  2.2495664380e+00  1.4107969473e+21  5.1924859884e+20
  2.2552808320e+00  1.3902389929e+21  5.1058933849e+20
  2.2609952260e+00  1.3706494048e+21  5.0194729880e+20
  2.2667096200e+00  1.3519773259e+21  4.9333643923e+20
  2.2724240140e+00  1.3341743915e+21  4.8476970927e+20
  2.2781384080e+00  1.3171946893e+21  4.7625905417e+20
  2.2838528020e+00  1.3009947011e+21  4.6781542850e+20
  2.2895671960e+00  1.2855332307e+21  4.5944881674e+20
  2.2952815900e+00  1.2707713227e+21  4.5116825980e+20
  2.3009959840e+00  1.2566721732e+21  4.4298188670e+20
  2.3067103780e+00  1.2432010354e+21  4.3489695029e+20
  2.3124247720e+00  1.2303251200e+21  4.2691986639e+20
  2.3181391660e+00  1.2180134962e+21  4.1905625530e+20
  2.3238535600e+00  1.2062369933e+21  4.1131098513e+20
  2.3295679540e+00  1.1949681066e+21  4.0368821613e+20
  2.3352823480e+00  1.1841809064e+21  3.9619144559e+20
  2.3409967420e+00  1.1738509514e+21  3.8882355258e+20
  2.3467111360e+00  1.1639552038e+21  3.8158684229e+20
  2.3524255300e+00  1.1544719465e+21  3.7448308945e+20
  2.3581399240e+00  1.1453807039e+21  3.6751358055e+20
  2.3638543180e+00  1.1366621660e+21  3.6067915466e+20
  2.3695687120e+00  1.1282981177e+21  3.5398024257e+20
  2.3752831060e+00  1.1202713738e+21  3.4741690415e+20
  2.3809975000e+00  1.1125657185e+21  3.4098886385e+20
  2.3867118940e+00  1.1051658472e+21  3.3469554417e+20
  2.3924262880e+00  1.0980573119e+21  3.2853609722e+20
  2.3981406820e+00  1.0912264676e+21  3.2250943421e+20
  2.4038550760e+00  1.0846604215e+21  3.1661425298e+20
  2.4095694700e+00  1.0783469869e+21  3.1084906362e+20
  2.4152838640e+00  1.0722746396e+21  3.0521221216e+20
  2.4209982580e+00  1.0664324797e+21  2.9970190244e+20
  2.4267126520e+00  1.0608101950e+21  2.9431621623e+20
  2.4324270460e+00  1.0553980267e+21  2.8905313172e+20
  2.4381414400e+00  1.0501867355e+21  2.8391054035e+20
  2.4438558340e+00  1.0451675693e+21  2.7888626220e+20
  2.4495702280e+00  1.0403322328e+21  2.7397805997e+20
  2.4552846220e+00  1.0356728601e+21  2.6918365163e+20
  2.4609990160e+00  1.0311819900e+21  2.6450072182e+20
  2.4667134100e+00  1.0268525435e+21  2.5992693216e+20
  2.4724278040e+00  1.0226778030e+21  2.5545993043e+20
  2.4781421980e+00  1.0186513916e+21  2.5109735886e+20
  2.4838565920e+00  1.0147672519e+21  2.4683686142e+20
  2.4895709860e+00  1.0110196272e+21  2.4267609032e+20
  2.4952853800e+00  1.0074030429e+21  2.3861271182e+20
  2.5009997740e+00  1.0039122907e+21  2.3464441119e+20
  2.5067141680e+00  1.0005424147e+21  2.3076889714e+20
  2.5124285620e+00  9.9728869858e+20  2.2698390570e+20
  2.5181429560e+00  9.9414665313e+20  2.2328720342e+20
  2.5238573500e+00  9.9111200321e+20  2.1967659030e+20
  2.5295717440e+00  9.8818067501e+20  2.1614990209e+20
  2.5352861380e+00  9.8534878381e+20  2.1270501232e+20
  2.5410005320e+00  9.8261262335e+20  2.0933983396e+20
  2.5467149260e+00  9.7996865681e+20  2.0605232071e+20
  2.5524293200e+00  9.7741350892e+20  2.0284046810e+20
  2.5581437140e+00  9.7494395848e+20  1.9970231421e+20
  2.5638581080e+00  9.7255693046e+20  1.9663594028e+20
  2.5695725020e+00  9.7024948766e+20  1.9363947107e+20
  2.5752868960e+00  9.6801882230e+20  1.9071107504e+20
  2.5810012900e+00  9.6586224856e+20  1.8784896435e+20
  2.5867156840e+00  9.6377719634e+20  1.8505139478e+20
  2.5924300780e+00  9.6176120623e+20  1.8231666550e+20
  2.5981444720e+00  9.5981192513e+20  1.7964311868e+20
  2.6038588660e+00  9.5792710155e+20  1.7702913912e+20
  2.6095732600e+00  9.5610458034e+20  1.7447315370e+20
  2.6152876540e+00  9.5434229691e+20  1.7197363078e+20
  2.6210020480e+00  9.5263827179e+20  1.6952907962e+20
  2.6267164420e+00  9.5099060598e+20  1.6713804964e+20
  2.6324308360e+00  9.4939747749e+20  1.6479912969e+20
  2.6381452300e+00  9.4785713871e+20  1.6251094734e+20
  2.6438596240e+00  9.4636791380e+20  1.6027216803e+20
  2.6495740180e+00  9.4492819553e+20  1.5808149430e+20
  2.6552884120e+00  9.4353644142e+20  1.5593766493e+20
  2.6610028060e+00  9.4219116974e+20  1.5383945416e+20
  2.6667172000e+00  9.4089095580e+20  1.5178567077e+20
  2.6724315940e+00  9.3963442931e+20  1.4977515731e+20
  2.6781459880e+00  9.3842027268e+20  1.4780678918e+20
  2.6838603820e+00  9.3724721960e+20  1.4587947387e+20
  2.6895747760e+00  9.3611405338e+20  1.4399215003e+20
  2.6952891700e+00  9.3501960458e+20  1.4214378672e+20
  2.7010035640e+00  9.3396274805e+20  1.4033338252e+20
  2.7067179580e+00  9.3294240000e+20  1.3855996478e+20
  2.7124323520e+00  9.3195751572e+20  1.3682258878e+20
  2.7181467460e+00  9.3100708821e+20  1.3512033694e+20
  2.7238611400e+00  9.3009014745e+20  1.3345231809e+20
  2.7295755340e+00  9.2920575974e+20  1.3181766666e+20
  2.7352899280e+00  9.2835302634e+20  1.3021554198e+20
  2.7410043220e+00  9.2753108157e+20  1.2864512752e+20
  2.7467187160e+00  9.2673909040e+20  1.2710563021e+20
  2.7524331100e+00  9.2597624646e+20  1.2559627973e+20
  2.7581475040e+00  9.2524177070e+20  1.2411632783e+20
  2.7638618980e+00  9.2453491093e+20  1.2266504770e+20
  2.7695762920e+00  9.2385494163e+20  1.2124173328e+20
  2.7752906860e+00  9.2320116350e+20  1.1984569867e+20
  2.7810050800e+00  9.2257290231e+20  1.1847627751e+20
  2.7867194740e+00  9.2196950715e+20  1.1713282239e+20
  2.7924338680e+00  9.2139034858e+20  1.1581470427e+20
  2.7981482620e+00  9.2083481731e+20  1.1452131193e+20
  2.8038626560e+00  9.2030232368e+20  1.1325205142e+20
  2.8095770500e+00  9.1979229765e+20  1.1200634551e+20
  2.8152914440e+00  9.1930418892e+20  1.1078363323e+20
  2.8210058380e+00  9.1883746643e+20  1.0958336934e+20
  2.8267202320e+00  9.1839161723e+20  1.0840502383e+20
  2.8324346260e+00  9.1796614496e+20  1.0724808150e+20
  2.8381490200e+00  9.1756056840e+20  1.0611204147e+20
  2.8438634140e+00  9.1717442084e+20  1.0499641676e+20
  2.8495778080e+00  9.1680725001e+20  1.0390073385e+20
  2.8552922020e+00  9.1645861845e+20  1.0282453228e+20
  2.8610065960e+00  9.1612810354e+20  1.0176736423e+20
  2.8667209900e+00  9.1581529695e+20  1.0072879418e+20
  2.8724353840e+00  9.1551980347e+20  9.9708398482e+19
  2.8781497780e+00  9.1524123970e+20  9.8705765025e+19
  2.8838641720e+00  9.1497923309e+20  9.7720492880e+19
  2.8895785660e+00  9.1473342175e+20  9.6752191958e+19
  2.8952929600e+00  9.1450345483e+20  9.5800482680e+19
  2.9010073540e+00  9.1428899287e+20  9.4864995663e+19
  2.9067217480e+00  9.1408970775e+20  9.3945371404e+19
  2.9124361420e+00  9.1390528199e+20  9.3041259990e+19
  2.9181505360e+00  9.1373540757e+20  9.2152320802e+19
  2.9238649300e+00  9.1357978488e+20  9.1278222238e+19
  2.9295793240e+00  9.1343812227e+20  9.0418641445e+19
  2.9352937180e+00  9.1331013619e+20  8.9573264053e+19
  2.9410081120e+00  9.1319555176e+20  8.8741783921e+19
  2.9467225060e+00  9.1309410305e+20  8.7923902899e+19
  2.9524369000e+00  9.1300553284e+20  8.7119330579e+19
  2.9581512940e+00  9.1292959176e+20  8.6327784077e+19
  2.9638656880e+00  9.1286603722e+20  8.5548987802e+19
  2.9695800820e+00  9.1281463270e+20  8.4782673243e+19
  2.9752944760e+00  9.1277514763e+20  8.4028578765e+19
  2.9810088700e+00  9.1274735787e+20  8.3286449401e+19
  2.9867232640e+00  9.1273104628e+20  8.2556036661e+19
  2.9924376580e+00  9.1272600282e+20  8.1837098341e+19
  2.9981520520e+00  9.1273202410e+20  8.1129398343e+19
  3.0038664460e+00  9.1274891243e+20  8.0432706493e+19
  3.0095808400e+00  9.1277647495e+20  7.9746798374e+19
  3.0152952340e+00  9.1281452324e+20  7.9071455160e+19
  3.0210096280e+00  9.1286287357e+20  7.8406463452e+19
  3.0267240220e+00  9.1292134748e+20  7.7751615125e+19
  3.0324384160e+00  9.1298977226e+20  7.7106707178e+19
  3.0381528100e+00  9.1306798082e+20  7.6471541586e+19
  3.0438672040e+00  9.1315581108e+20  7.5845925160e+19
  3.0495815980e+00  9.1325310501e+20  7.5229669411e+19
  3.0552959920e+00  9.1335970802e+20  7.4622590416e+19
  3.0610103860e+00  9.1347546889e+20  7.4024508690e+19
  3.0667247800e+00  9.1360024025e+20  7.3435249061e+19
  3.0724391740e+00  9.1373387922e+20  7.2854640554e+19
  3.0781535680e+00  9.1387624767e+20  7.2282516268e+19
  3.0838679620e+00  9.1402721187e+20  7.1718713267e+19
  3.0895823560e+00  9.1418664172e+20  7.1163072468e+19
  3.0952967500e+00  9.1435440997e+20  7.0615438539e+19
  3.1010111440e+00  9.1453039181e+20  7.0075659790e+19
  3.1067255380e+00  9.1471446519e+20  6.9543588080e+19
  3.1124399320e+00  9.1490651138e+20  6.9019078713e+19
  3.1181543260e+00  9.1510641550e+20  6.8501990353e+19
  3.1238687200e+00  9.1531406660e+20  6.7992184925e+19
  3.1295831140e+00  9.1552935705e+20  6.7489527532e+19
  3.1352975080e+00  9.1575218176e+20  6.6993886367e+19
  3.1410119020e+00  9.1598243760e+20  6.6505132633e+19
  3.1467262960e+00  9.1622002331e+20  6.6023140459e+19
  3.1524406900e+00  9.1646483995e+20  6.5547786826e+19
  3.1581550840e+00  9.1671679163e+20  6.5078951488e+19
  3.1638694780e+00  9.1697578574e+20  6.4616516901e+19
  3.1695838720e+00  9.1724173283e+20  6.4160368151e+19
  3.1752982660e+00  9.1751454587e+20  6.3710392886e+19
  3.1810126600e+00  9.1779413952e+20  6.3266481247e+19
  3.1867270540e+00  9.1808042977e+20  6.2828525805e+19
  3.1924414480e+00  9.1837333417e+20  6.2396421498e+19
  3.1981558420e+00  9.1867277242e+20  6.1970065567e+19
  3.2038702360e+00  9.1897866698e+20  6.1549357502e+19
  3.2095846300e+00  9.1929094310e+20  6.1134198978e+19
  3.2152990240e+00  9.1960952847e+20  6.0724493805e+19
  3.2210134180e+00  9.1993435242e+20  6.0320147867e+19
  3.2267278120e+00  9.2026534534e+20  5.9921069078e+19
  3.2324422060e+00  9.2060243860e+20  5.9527167321e+19
  3.2381566000e+00  9.2094556502e+20  5.9138354406e+19
  3.2438709940e+00  9.2129465944e+20  5.8754544017e+19
  3.2495853880e+00  9.2164965922e+20  5.8375651669e+19
  3.2552997820e+00  9.2201050403e+20  5.8001594658e+19
  3.2610141760e+00  9.2237713528e+20  5.7632292020e+19
  3.2667285700e+00  9.2274949541e+20  5.7267664485e+19
  3.2724429640e+00  9.2312752750e+20  5.6907634439e+19
  3.2781573580e+00  9.2351117546e+20  5.6552125880e+19
  3.2838717520e+00  9.2390038462e+20  5.6201064380e+19
  3.2895861460e+00  9.2429510230e+20  5.5854377047e+19
  3.2953005400e+00  9.2469527803e+20  5.5511992485e+19
  3.3010149340e+00  9.2510086316e+20  5.5173840761e+19
  3.3067293280e+00  9.2551181017e+20  5.4839853368e+19
  3.3124437220e+00  9.2592807208e+20  5.4509963191e+19
  3.3181581160e+00  9.2634960234e+20  5.4184104474e+19
  3.3238725100e+00  9.2677635524e+20  5.3862212787e+19
  3.3295869040e+00  9.2720828651e+20  5.3544224993e+19
  3.3353012980e+00  9.2764535384e+20  5.3230079220e+19
  3.3410156920e+00  9.2808751672e+20  5.2919714831e+19
  3.3467300860e+00  9.2853473601e+20  5.2613072392e+19
  3.3524444800e+00  9.2898697317e+20  5.2310093647e+19
  3.3581588740e+00  9.2944418987e+20  5.2010721487e+19
  3.3638732680e+00  9.2990634819e+20  5.1714899927e+19
  3.3695876620e+00  9.3037341109e+20  5.1422574079e+19
  3.3753020560e+00  9.3084534310e+20  5.1133690123e+19
  3.3810164500e+00  9.3132211048e+20  5.0848195288e+19
  3.3867308440e+00  9.3180368099e+20  5.0566037822e+19
  3.3924452380e+00  9.3229002321e+20  5.0287166974e+19
  3.3981596320e+00  9.3278110595e+20  5.0011532969e+19
  3.4038740260e+00  9.3327689810e+20  4.9739086984e+19
  3.4095884200e+00  9.3377736898e+20  4.9469781128e+19
  3.4153028140e+00  9.3428248897e+20  4.9203568423e+19
  3.4210172080e+00  9.3479223000e+20  4.8940402780e+19
  3.4267316020e+00  9.3530656555e+20  4.8680238980e+19
  3.4324459960e+00  9.3582547016e+20  4.8423032656e+19
  3.4381603900e+00  9.3634891878e+20  4.8168740274e+19
  3.4438747840e+00  9.3687688630e+20  4.7917319110e+19
  3.4495891780e+00  9.3740934770e+20  4.7668727241e+19
  3.4553035720e+00  9.3794627853e+20  4.7422923516e+19
  3.4610179660e+00  9.3848765555e+20  4.7179867550e+19
  3.4667323600e+00  9.3903345700e+20  4.6939519699e+19
  3.4724467540e+00  9.3958366239e+20  4.6701841049e+19
  3.4781611480e+00  9.4013825187e+20  4.6466793398e+19
  3.4838755420e+00  9.4069720564e+20  4.6234339241e+19
  3.4895899360e+00  9.4126050376e+20  4.6004441752e+19
  3.4953043300e+00  9.4182812643e+20  4.5777064775e+19
  3.5010187240e+00  9.4240005466e+20  4.5552172807e+19
  3.5067331180e+00  9.4297627071e+20  4.5329730982e+19
  3.5124475120e+00  9.4355675822e+20  4.5109705061e+19
  3.5181619060e+00  9.4414150173e+20  4.4892061414e+19
  3.5238763000e+00  9.4473048606e+20  4.4676767013e+19
  3.5295906940e+00  9.4532369584e+20  4.4463789416e+19
  3.5353050880e+00  9.4592111555e+20  4.4253096752e+19
  3.5410194820e+00  9.4652273001e+20  4.4044657717e+19
  3.5467338760e+00  9.4712852501e+20  4.3838441553e+19
  3.5524482700e+00  9.4773848764e+20  4.3634418043e+19
  3.5581626640e+00  9.4835260612e+20  4.3432557497e+19
  3.5638770580e+00  9.4897086922e+20  4.3232830741e+19
  3.5695914520e+00  9.4959326566e+20  4.3035209109e+19
  3.5753058460e+00  9.5021978386e+20  4.2839664429e+19
  3.5810202400e+00  9.5085041221e+20  4.2646169015e+19
  3.5867346340e+00  9.5148513967e+20  4.2454695658e+19
  3.5924490280e+00  9.5212395628e+20  4.2265217612e+19
  3.5981634220e+00  9.5276685334e+20  4.2077708591e+19
  3.6038778160e+00  9.5341382295e+20  4.1892142755e+19
  3.6095922100e+00  9.5406485746e+20  4.1708494701e+19
  3.6153066040e+00  9.5471994889e+20  4.1526739457e+19
  3.6210209980e+00  9.5537908901e+20  4.1346852472e+19
  3.6267353920e+00  9.5604226972e+20  4.1168809607e+19
  3.6324497860e+00  9.5670948375e+20  4.0992587129e+19
  3.6381641800e+00  9.5738072495e+20  4.0818161698e+19
  3.6438785740e+00  9.5805598826e+20  4.0645510366e+19
  3.6495929680e+00  9.5873526911e+20  4.0474610564e+19
  3.6553073620e+00  9.5941856283e+20  4.0305440097e+19
  3.6610217560e+00  9.6010586437e+20  4.0137977137e+19
  3.6667361500e+00  9.6079716850e+20  3.9972200214e+19
  3.6724505440e+00  9.6149247040e+20  3.9808088211e+19
  3.6781649380e+00  9.6219176619e+20  3.9645620354e+19
  3.6838793320e+00  9.6289505316e+20  3.9484776211e+19
  3.6895937260e+00  9.6360232939e+20  3.9325535679e+19
  3.6953081200e+00  9.6431359315e+20  3.9167878983e+19
  3.7010225140e+00  9.6502884237e+20  3.9011786666e+19
  3.7067369080e+00  9.6574807460e+20  3.8857239587e+19
  3.7124513020e+00  9.6647128741e+20  3.8704218908e+19
  3.7181656960e+00  9.6719847903e+20  3.8552706097e+19
  3.7238800900e+00  9.6792964876e+20  3.8402682917e+19
  3.7295944840e+00  9.6866479688e+20  3.8254131419e+19
  3.7353088780e+00  9.6940392423e+20  3.8107033942e+19
  3.7410232720e+00  9.7014703149e+20  3.7961373104e+19
  3.7467376660e+00  9.7089411892e+20  3.7817131796e+19
  3.7524520600e+00  9.7164518648e+20  3.7674293180e+19
  3.7581664540e+00  9.7240023442e+20  3.7532840682e+19
  3.7638808480e+00  9.7315926385e+20  3.7392757987e+19
  3.7695952420e+00  9.7392227694e+20  3.7254029035e+19
  3.7753096360e+00  9.7468927668e+20  3.7116638018e+19
  3.7810240300e+00  9.7546026626e+20  3.6980569371e+19
  3.7867384240e+00  9.7623524850e+20  3.6845807771e+19
  3.7924528180e+00  9.7701422579e+20  3.6712338132e+19
  3.7981672120e+00  9.7779720041e+20  3.6580145600e+19
  3.8038816060e+00  9.7858417520e+20  3.6449215550e+19
