  r_x        r_y      r_z       E_MG_1  E_MG_2  E_NP   E_T (eV)
  20.000     0.000    0.000     2.020   2.128   3.130  1.5574138978e-01
  20.000     0.000    0.000     2.222   2.341   3.130  1.8454196052e-01
  20.000     0.000    0.000     2.424   2.554   3.130  2.1796680930e-01
  20.000     0.000    0.000     2.626   2.767   3.130  2.4975409639e-01
  20.000     0.000    0.000     2.828   2.980   3.130  2.8034048135e-01
  20.000     0.000    0.000     3.030   3.193   3.130  3.0862044675e-01
  20.000     0.000    0.000     3.232   3.406   3.130  3.1427963843e-01
  20.000     0.000    0.000     3.434   3.618   3.130  2.9888012823e-01
  20.000     0.000    0.000     3.636   3.831   3.130  2.6891967412e-01
  20.000     0.000    0.000     3.838   4.044   3.130  2.3119272465e-01
  20.000     0.000    0.000     4.040   4.257   3.130  1.9143797336e-01
  20.000     0.000    0.000     4.242   4.470   3.130  1.5383758480e-01
  20.000     0.000    0.000     4.444   4.683   3.130  1.3340149270e-01
  20.000     0.000    0.000     4.646   4.895   3.130  1.1629336729e-01
  20.000     0.000    0.000     4.848   5.108   3.130  1.0095630385e-01
  20.000     0.000    0.000     5.050   5.321   3.130  8.7519212019e-02
  20.000     0.000    0.000     5.252   5.534   3.130  7.5985821445e-02
  20.000     0.000    0.000     5.454   5.747   3.130  6.6280185730e-02
  20.000     0.000    0.000     5.656   5.960   3.130  5.8274295470e-02
  20.000     0.000    0.000     5.858   6.172   3.130  5.1807326956e-02
  22.000     0.000    0.000     2.020   2.128   3.130  1.0669730075e-01
  22.000     0.000    0.000     2.222   2.341   3.130  1.4552725796e-01
  22.000     0.000    0.000     2.424   2.554   3.130  1.8343531358e-01
  22.000     0.000    0.000     2.626   2.767   3.130  2.1789667520e-01
  22.000     0.000    0.000     2.828   2.980   3.130  2.4485417222e-01
  22.000     0.000    0.000     3.030   3.193   3.130  2.6775900305e-01
  22.000     0.000    0.000     3.232   3.406   3.130  2.7099283506e-01
  22.000     0.000    0.000     3.434   3.618   3.130  2.4526802181e-01
  22.000     0.000    0.000     3.636   3.831   3.130  2.0838709039e-01
  22.000     0.000    0.000     3.838   4.044   3.130  1.7669367617e-01
  22.000     0.000    0.000     4.040   4.257   3.130  1.4457059415e-01
  22.000     0.000    0.000     4.242   4.470   3.130  1.1478918050e-01
  22.000     0.000    0.000     4.444   4.683   3.130  8.8995854378e-02
  22.000     0.000    0.000     4.646   4.895   3.130  6.9854826206e-02
  22.000     0.000    0.000     4.848   5.108   3.130  6.0335642513e-02
  22.000     0.000    0.000     5.050   5.321   3.130  5.1992510715e-02
  22.000     0.000    0.000     5.252   5.534   3.130  4.4822687078e-02
  22.000     0.000    0.000     5.454   5.747   3.130  3.8779011076e-02
  22.000     0.000    0.000     5.656   5.960   3.130  3.3776908717e-02
  22.000     0.000    0.000     5.858   6.172   3.130  2.9723461110e-02
  24.000     0.000    0.000     2.020   2.128   3.130  7.7574020540e-02
  24.000     0.000    0.000     2.222   2.341   3.130  1.0660728292e-01
  24.000     0.000    0.000     2.424   2.554   3.130  1.3507313854e-01
  24.000     0.000    0.000     2.626   2.767   3.130  1.8176984329e-01
  24.000     0.000    0.000     2.828   2.980   3.130  2.1888386707e-01
  24.000     0.000    0.000     3.030   3.193   3.130  2.3922756778e-01
  24.000     0.000    0.000     3.232   3.406   3.130  2.3753111642e-01
  24.000     0.000    0.000     3.434   3.618   3.130  2.0899100417e-01
  24.000     0.000    0.000     3.636   3.831   3.130  1.7009552915e-01
  24.000     0.000    0.000     3.838   4.044   3.130  1.2783258130e-01
  24.000     0.000    0.000     4.040   4.257   3.130  9.9897198996e-02
  24.000     0.000    0.000     4.242   4.470   3.130  7.9058486894e-02
  24.000     0.000    0.000     4.444   4.683   3.130  6.1016521093e-02
  24.000     0.000    0.000     4.646   4.895   3.130  4.6228549761e-02
  24.000     0.000    0.000     4.848   5.108   3.130  3.7156235163e-02
  24.000     0.000    0.000     5.050   5.321   3.130  3.1920935885e-02
  24.000     0.000    0.000     5.252   5.534   3.130  2.7410591499e-02
  24.000     0.000    0.000     5.454   5.747   3.130  2.3599737113e-02
  24.000     0.000    0.000     5.656   5.960   3.130  2.0438231271e-02
  24.000     0.000    0.000     5.858   6.172   3.130  1.7868139461e-02
  26.000     0.000    0.000     2.020   2.128   3.130  5.3116690420e-02
  26.000     0.000    0.000     2.222   2.341   3.130  7.3236059331e-02
  26.000     0.000    0.000     2.424   2.554   3.130  1.0337272888e-01
  26.000     0.000    0.000     2.626   2.767   3.130  1.3984146956e-01
  26.000     0.000    0.000     2.828   2.980   3.130  1.8753779194e-01
  26.000     0.000    0.000     3.030   3.193   3.130  2.1376231848e-01
  26.000     0.000    0.000     3.232   3.406   3.130  2.0801409714e-01
  26.000     0.000    0.000     3.434   3.618   3.130  1.7344174431e-01
  26.000     0.000    0.000     3.636   3.831   3.130  1.2714620495e-01
  26.000     0.000    0.000     3.838   4.044   3.130  9.5648189962e-02
  26.000     0.000    0.000     4.040   4.257   3.130  6.7739903435e-02
  26.000     0.000    0.000     4.242   4.470   3.130  5.3604750847e-02
  26.000     0.000    0.000     4.444   4.683   3.130  4.1323748919e-02
  26.000     0.000    0.000     4.646   4.895   3.130  3.1212702437e-02
  26.000     0.000    0.000     4.848   5.108   3.130  2.3673452285e-02
  26.000     0.000    0.000     5.050   5.321   3.130  2.0299231604e-02
  26.000     0.000    0.000     5.252   5.534   3.130  1.7383548984e-02
  26.000     0.000    0.000     5.454   5.747   3.130  1.4912483294e-02
  26.000     0.000    0.000     5.656   5.960   3.130  1.2858524186e-02
  26.000     0.000    0.000     5.858   6.172   3.130  1.1185892798e-02
  28.000     0.000    0.000     2.020   2.128   3.130  3.5537240250e-02
  28.000     0.000    0.000     2.222   2.341   3.130  4.9161942064e-02
  28.000     0.000    0.000     2.424   2.554   3.130  7.4313678271e-02
  28.000     0.000    0.000     2.626   2.767   3.130  1.0942768986e-01
  28.000     0.000    0.000     2.828   2.980   3.130  1.5537074370e-01
  28.000     0.000    0.000     3.030   3.193   3.130  1.8938043153e-01
  28.000     0.000    0.000     3.232   3.406   3.130  1.7958381132e-01
  28.000     0.000    0.000     3.434   3.618   3.130  1.3801447418e-01
  28.000     0.000    0.000     3.636   3.831   3.130  9.7488235322e-02
  28.000     0.000    0.000     3.838   4.044   3.130  6.8883980149e-02
  28.000     0.000    0.000     4.040   4.257   3.130  4.8344249262e-02
  28.000     0.000    0.000     4.242   4.470   3.130  3.6655844676e-02
  28.000     0.000    0.000     4.444   4.683   3.130  2.8268528036e-02
  28.000     0.000    0.000     4.646   4.895   3.130  2.1323029638e-02
  28.000     0.000    0.000     4.848   5.108   3.130  1.5850159401e-02
  28.000     0.000    0.000     5.050   5.321   3.130  1.3349368184e-02
  28.000     0.000    0.000     5.252   5.534   3.130  1.1405649466e-02
  28.000     0.000    0.000     5.454   5.747   3.130  9.7536344170e-03
  28.000     0.000    0.000     5.656   5.960   3.130  8.3771722818e-03
  28.000     0.000    0.000     5.858   6.172   3.130  7.2544111386e-03
  30.000     0.000    0.000     2.020   2.128   3.130  2.3666877330e-02
  30.000     0.000    0.000     2.222   2.341   3.130  3.2894446236e-02
  30.000     0.000    0.000     2.424   2.554   3.130  5.2018557685e-02
  30.000     0.000    0.000     2.626   2.767   3.130  8.0952814573e-02
  30.000     0.000    0.000     2.828   2.980   3.130  1.2480144946e-01
  30.000     0.000    0.000     3.030   3.193   3.130  1.6400354050e-01
  30.000     0.000    0.000     3.232   3.406   3.130  1.5216878211e-01
  30.000     0.000    0.000     3.434   3.618   3.130  1.0880617056e-01
  30.000     0.000    0.000     3.636   3.831   3.130  7.2754849127e-02
  30.000     0.000    0.000     3.838   4.044   3.130  4.9290224998e-02
  30.000     0.000    0.000     4.040   4.257   3.130  3.4730128923e-02
  30.000     0.000    0.000     4.242   4.470   3.130  2.5515288334e-02
  30.000     0.000    0.000     4.444   4.683   3.130  1.9700001830e-02
  30.000     0.000    0.000     4.646   4.895   3.130  1.4852264264e-02
  30.000     0.000    0.000     4.848   5.108   3.130  1.1007986741e-02
  30.000     0.000    0.000     5.050   5.321   3.130  9.0553392843e-03
  30.000     0.000    0.000     5.252   5.534   3.130  7.7197839625e-03
  30.000     0.000    0.000     5.454   5.747   3.130  6.5812369245e-03
  30.000     0.000    0.000     5.656   5.960   3.130  5.6304019920e-03
  30.000     0.000    0.000     5.858   6.172   3.130  4.8537237469e-03
  32.000     0.000    0.000     2.020   2.128   3.130  1.5820275950e-02
  32.000     0.000    0.000     2.222   2.341   3.130  2.2775327819e-02
  32.000     0.000    0.000     2.424   2.554   3.130  3.6127526242e-02
  32.000     0.000    0.000     2.626   2.767   3.130  5.9102255974e-02
  32.000     0.000    0.000     2.828   2.980   3.130  9.8447765845e-02
  32.000     0.000    0.000     3.030   3.193   3.130  1.3946727522e-01
  32.000     0.000    0.000     3.232   3.406   3.130  1.2714738547e-01
  32.000     0.000    0.000     3.434   3.618   3.130  8.4411802654e-02
  32.000     0.000    0.000     3.636   3.831   3.130  5.3668395747e-02
  32.000     0.000    0.000     3.838   4.044   3.130  3.5531674209e-02
  32.000     0.000    0.000     4.040   4.257   3.130  2.5146615239e-02
  32.000     0.000    0.000     4.242   4.470   3.130  1.8136818835e-02
  32.000     0.000    0.000     4.444   4.683   3.130  1.4026339820e-02
  32.000     0.000    0.000     4.646   4.895   3.130  1.0574384203e-02
  32.000     0.000    0.000     4.848   5.108   3.130  7.8185323554e-03
  32.000     0.000    0.000     5.050   5.321   3.130  6.3192772816e-03
  32.000     0.000    0.000     5.252   5.534   3.130  5.3743368273e-03
  32.000     0.000    0.000     5.454   5.747   3.130  4.5665298548e-03
  32.000     0.000    0.000     5.656   5.960   3.130  3.8906351400e-03
  32.000     0.000    0.000     5.858   6.172   3.130  3.3380180189e-03
  34.000     0.000    0.000     2.020   2.128   3.130  1.0644221680e-02
  34.000     0.000    0.000     2.222   2.341   3.130  1.5723198830e-02
  34.000     0.000    0.000     2.424   2.554   3.130  2.5122933566e-02
  34.000     0.000    0.000     2.626   2.767   3.130  4.3447851370e-02
  34.000     0.000    0.000     2.828   2.980   3.130  7.6781208031e-02
  34.000     0.000    0.000     3.030   3.193   3.130  1.1672557512e-01
  34.000     0.000    0.000     3.232   3.406   3.130  1.0448453660e-01
  34.000     0.000    0.000     3.434   3.618   3.130  6.5188683798e-02
  34.000     0.000    0.000     3.636   3.831   3.130  3.9685184567e-02
  34.000     0.000    0.000     3.838   4.044   3.130  2.5960594611e-02
  34.000     0.000    0.000     4.040   4.257   3.130  1.8461314021e-02
  34.000     0.000    0.000     4.242   4.470   3.130  1.3174508836e-02
  34.000     0.000    0.000     4.444   4.683   3.130  1.0208071282e-02
  34.000     0.000    0.000     4.646   4.895   3.130  7.6969398141e-03
  34.000     0.000    0.000     4.848   5.108   3.130  5.6785637342e-03
  34.000     0.000    0.000     5.050   5.321   3.130  4.5255974627e-03
  34.000     0.000    0.000     5.252   5.534   3.130  3.8387813283e-03
  34.000     0.000    0.000     5.454   5.747   3.130  3.2500368463e-03
  34.000     0.000    0.000     5.656   5.960   3.130  2.7566208222e-03
  34.000     0.000    0.000     5.858   6.172   3.130  2.3529526485e-03
  36.000     0.000    0.000     2.020   2.128   3.130  7.2115040462e-03
  36.000     0.000    0.000     2.222   2.341   3.130  1.0890633066e-02
  36.000     0.000    0.000     2.424   2.554   3.130  1.7688449180e-02
  36.000     0.000    0.000     2.626   2.767   3.130  3.1670804536e-02
  36.000     0.000    0.000     2.828   2.980   3.130  5.8816729622e-02
  36.000     0.000    0.000     3.030   3.193   3.130  9.6411007458e-02
  36.000     0.000    0.000     3.232   3.406   3.130  8.5102392048e-02
  36.000     0.000    0.000     3.434   3.618   3.130  4.9857628080e-02
  36.000     0.000    0.000     3.636   3.831   3.130  2.9860799574e-02
  36.000     0.000    0.000     3.838   4.044   3.130  1.9255144903e-02
  36.000     0.000    0.000     4.040   4.257   3.130  1.3776091724e-02
  36.000     0.000    0.000     4.242   4.470   3.130  9.7740110171e-03
  36.000     0.000    0.000     4.444   4.683   3.130  7.5891824352e-03
  36.000     0.000    0.000     4.646   4.895   3.130  5.7240410448e-03
  36.000     0.000    0.000     4.848   5.108   3.130  4.2143854555e-03
  36.000     0.000    0.000     5.050   5.321   3.130  3.3191259361e-03
  36.000     0.000    0.000     5.252   5.534   3.130  2.8070535583e-03
  36.000     0.000    0.000     5.454   5.747   3.130  2.3670526687e-03
  36.000     0.000    0.000     5.656   5.960   3.130  1.9978262582e-03
  36.000     0.000    0.000     5.858   6.172   3.130  1.6957195592e-03
  38.000     0.000    0.000     2.020   2.128   3.130  4.9147873364e-03
  38.000     0.000    0.000     2.222   2.341   3.130  7.5782164073e-03
  38.000     0.000    0.000     2.424   2.554   3.130  1.2589492574e-02
  38.000     0.000    0.000     2.626   2.767   3.130  2.3060378168e-02
  38.000     0.000    0.000     2.828   2.980   3.130  4.4999970128e-02
  38.000     0.000    0.000     3.030   3.193   3.130  7.8796664783e-02
  38.000     0.000    0.000     3.232   3.406   3.130  6.8748830949e-02
  38.000     0.000    0.000     3.434   3.618   3.130  3.8421426169e-02
  38.000     0.000    0.000     3.636   3.831   3.130  2.2786108180e-02
  38.000     0.000    0.000     3.838   4.044   3.130  1.4652466356e-02
  38.000     0.000    0.000     4.040   4.257   3.130  1.0455996848e-02
  38.000     0.000    0.000     4.242   4.470   3.130  7.3992379776e-03
  38.000     0.000    0.000     4.444   4.683   3.130  5.7580008287e-03
  38.000     0.000    0.000     4.646   4.895   3.130  4.3445289041e-03
  38.000     0.000    0.000     4.848   5.108   3.130  3.1923844725e-03
  38.000     0.000    0.000     5.050   5.321   3.130  2.4881320713e-03
  38.000     0.000    0.000     5.252   5.534   3.130  2.0972024679e-03
  38.000     0.000    0.000     5.454   5.747   3.130  1.7606242395e-03
  38.000     0.000    0.000     5.656   5.960   3.130  1.4779716920e-03
  38.000     0.000    0.000     5.858   6.172   3.130  1.2467888859e-03
  40.000     0.000    0.000     2.020   2.128   3.130  3.3632949046e-03
  40.000     0.000    0.000     2.222   2.341   3.130  5.2966605493e-03
  40.000     0.000    0.000     2.424   2.554   3.130  8.9953502872e-03
  40.000     0.000    0.000     2.626   2.767   3.130  1.6835658804e-02
  40.000     0.000    0.000     2.828   2.980   3.130  3.4344654068e-02
  40.000     0.000    0.000     3.030   3.193   3.130  6.3871949893e-02
  40.000     0.000    0.000     3.232   3.406   3.130  5.5204857651e-02
  40.000     0.000    0.000     3.434   3.618   3.130  2.9854849106e-02
  40.000     0.000    0.000     3.636   3.831   3.130  1.7564877945e-02
  40.000     0.000    0.000     3.838   4.044   3.130  1.1305568036e-02
  40.000     0.000    0.000     4.040   4.257   3.130  8.0712162537e-03
  40.000     0.000    0.000     4.242   4.470   3.130  5.7093128370e-03
  40.000     0.000    0.000     4.444   4.683   3.130  4.4529653805e-03
  40.000     0.000    0.000     4.646   4.895   3.130  3.3612268033e-03
  40.000     0.000    0.000     4.848   5.108   3.130  2.4650942928e-03
  40.000     0.000    0.000     5.050   5.321   3.130  1.9032841442e-03
  40.000     0.000    0.000     5.252   5.534   3.130  1.5981816742e-03
  40.000     0.000    0.000     5.454   5.747   3.130  1.3351170729e-03
  40.000     0.000    0.000     5.656   5.960   3.130  1.1141486413e-03
  40.000     0.000    0.000     5.858   6.172   3.130  9.3359064829e-04
  42.000     0.000    0.000     2.020   2.128   3.130  2.3057231734e-03
  42.000     0.000    0.000     2.222   2.341   3.130  3.7145950664e-03
  42.000     0.000    0.000     2.424   2.554   3.130  6.4545079113e-03
  42.000     0.000    0.000     2.626   2.767   3.130  1.2345153127e-02
  42.000     0.000    0.000     2.828   2.980   3.130  2.6143932402e-02
  42.000     0.000    0.000     3.030   3.193   3.130  5.1448738227e-02
  42.000     0.000    0.000     3.232   3.406   