#  Energy (ev)    Absorption NP      Absorption MG
  9.5239900000e-01  7.1357534293e+14  4.9616204008e+13
  9.5811339400e-01  7.1987595974e+14  5.1602771774e+13
  9.6382778800e-01  7.2690931150e+14  5.3384871960e+13
  9.6954218200e-01  7.3397449284e+14  5.4729104525e+13
  9.7525657600e-01  7.4034279768e+14  5.5472538819e+13
  9.8097097000e-01  7.4538180556e+14  5.5551468679e+13
  9.8668536400e-01  7.4866608592e+14  5.5013915180e+13
  9.9239975800e-01  7.5005523532e+14  5.4013486535e+13
  9.9811415200e-01  7.4972507624e+14  5.2785308130e+13
  1.0038285460e+00  7.4814551171e+14  5.1607772103e+13
  1.0095429400e+00  7.4600749857e+14  5.0756312506e+13
  1.0152573340e+00  7.4411037056e+14  5.0456864994e+13
  1.0209717280e+00  7.4322780515e+14  5.0846857045e+13
  1.0266861220e+00  7.4397483565e+14  5.1950442574e+13
  1.0324005160e+00  7.4669868631e+14  5.3672411276e+13
  1.0381149100e+00  7.5141269746e+14  5.5812132677e+13
  1.0438293040e+00  7.5778571544e+14  5.8095541212e+13
  1.0495436980e+00  7.6519014246e+14  6.0220091438e+13
  1.0552580920e+00  7.7280188955e+14  6.1905335033e+13
  1.0609724860e+00  7.7973643245e+14  6.2940691164e+13
  1.0666868800e+00  7.8519860484e+14  6.3222302515e+13
  1.0724012740e+00  7.8862085845e+14  6.2772561657e+13
  1.0781156680e+00  7.8976606280e+14  6.1738696430e+13
  1.0838300620e+00  7.8877638240e+14  6.0370266406e+13
  1.0895444560e+00  7.8615852654e+14  5.8978974308e+13
  1.0952588500e+00  7.8270629879e+14  5.7887239966e+13
  1.1009732440e+00  7.7937211257e+14  5.7373998389e+13
  1.1066876380e+00  7.7710815191e+14  5.7626809679e+13
  1.1124020320e+00  7.7670356193e+14  5.8708475680e+13
  1.1181164260e+00  7.7864539400e+14  6.0544068441e+13
  1.1238308200e+00  7.8302766897e+14  6.2930947948e+13
  1.1295452140e+00  7.8952531466e+14  6.5570521742e+13
  1.1352596080e+00  7.9743907381e+14  6.8116811232e+13
  1.1409740020e+00  8.0580550968e+14  7.0233962082e+13
  1.1466883960e+00  8.1355496798e+14  7.1653176222e+13
  1.1524027900e+00  8.1969172795e+14  7.2219454478e+13
  1.1581171840e+00  8.2346613022e+14  7.1920067050e+13
  1.1638315780e+00  8.2450906904e+14  7.0889588297e+13
  1.1695459720e+00  8.2290490703e+14  6.9390178628e+13
  1.1752603660e+00  8.1918877241e+14  6.7769940837e+13
  1.1809747600e+00  8.1426675062e+14  6.6405929499e+13
  1.1866891540e+00  8.0927060928e+14  6.5641111032e+13
  1.1924035480e+00  8.0537017434e+14  6.5725780528e+13
  1.1981179420e+00  8.0357430419e+14  6.6773405659e+13
  1.2038323360e+00  8.0455415935e+14  6.8738642455e+13
  1.2095467300e+00  8.0851953697e+14  7.1421692443e+13
  1.2152611240e+00  8.1517078508e+14  7.4498819198e+13
  1.2209755180e+00  8.2373649988e+14  7.7574430658e+13
  1.2266899120e+00  8.3309283456e+14  8.0246402649e+13
  1.2324043060e+00  8.4194620717e+14  8.2173910664e+13
  1.2381187000e+00  8.4904989065e+14  8.3136384358e+13
  1.2438330940e+00  8.5341839969e+14  8.3073449414e+13
  1.2495474880e+00  8.5450300131e+14  8.2098705030e+13
  1.2552618820e+00  8.5229732846e+14  8.0484437768e+13
  1.2609762760e+00  8.4735317031e+14  7.8619206166e+13
  1.2666906700e+00  8.4070130484e+14  7.6944845112e+13
  1.2724050640e+00  8.3368830596e+14  7.5883053427e+13
  1.2781194580e+00  8.2775489613e+14  7.5763712376e+13
  1.2838338520e+00  8.2419209139e+14  7.6767066578e+13
  1.2895482460e+00  8.2391617329e+14  7.8889839849e+13
  1.2952626400e+00  8.2730144351e+14  8.1941556603e+13
  1.3009770340e+00  8.3410093786e+14  8.5572394287e+13
  1.3066914280e+00  8.4347110790e+14  8.9328609141e+13
  1.3124058220e+00  8.5409918494e+14  9.2726837044e+13
  1.3181202160e+00  8.6441438119e+14  9.5335183368e+13
  1.3238346100e+00  8.7284924141e+14  9.6847582103e+13
  1.3295490040e+00  8.7810793889e+14  9.7138712823e+13
  1.3352633980e+00  8.7939588579e+14  9.6289731953e+13
  1.3409777920e+00  8.7657031339e+14  9.4579755550e+13
  1.3466921860e+00  8.7018379430e+14  9.2443678893e+13
  1.3524065800e+00  8.6141013026e+14  9.0402607685e+13
  1.3581209740e+00  8.5186179339e+14  8.8977950757e+13
  1.3638353680e+00  8.4332688621e+14  8.8603259139e+13
  1.3695497620e+00  8.3746815110e+14  8.9548636834e+13
  1.3752641560e+00  8.3553430757e+14  9.1870811842e+13
  1.3809785500e+00  8.3813340435e+14  9.5397970309e+13
  1.3866929440e+00  8.4510879486e+14  9.9752834095e+13
  1.3924073380e+00  8.5554206795e+14  1.0441110517e+14
  1.3981217320e+00  8.6788634562e+14  1.0878635868e+14
  1.4038361260e+00  8.8021121403e+14  1.1232776423e+14
  1.4095505200e+00  8.9052091745e+14  1.1461447919e+14
  1.4152649140e+00  8.9709373573e+14  1.1543067284e+14
  1.4209793080e+00  8.9878520466e+14  1.1480796026e+14
  1.4266937020e+00  8.9524218476e+14  1.1302715042e+14
  1.4324080960e+00  8.8698830342e+14  1.1057784619e+14
  1.4381224900e+00  8.7536197823e+14  1.0808150324e+14
  1.4438368840e+00  8.6231278810e+14  1.0618988378e+14
  1.4495512780e+00  8.5008633693e+14  1.0547534379e+14
  1.4552656720e+00  8.4084779995e+14  1.0633126000e+14
  1.4609800660e+00  8.3630649901e+14  1.0889974276e+14
  1.4666944600e+00  8.3740579025e+14  1.1303969865e+14
  1.4724088540e+00  8.4413359186e+14  1.1834190017e+14
  1.4781232480e+00  8.5549018535e+14  1.2418999530e+14
  1.4838376420e+00  8.6962433901e+14  1.2985860487e+14
  1.4895520360e+00  8.8412044010e+14  1.3463311705e+14
  1.4952664300e+00  8.9639291172e+14  1.3793163313e+14
  1.5009808240e+00  9.0412429143e+14  1.3940852257e+14
  1.5066952180e+00  9.0567357792e+14  1.3902147511e+14
  1.5124096120e+00  9.0038383411e+14  1.3704949899e+14
  1.5181240060e+00  8.8873260682e+14  1.3405717324e+14
  1.5238384000e+00  8.7229345225e+14  1.3080937727e+14
  1.5295527940e+00  8.5350791635e+14  1.2814922799e+14
  1.5352671880e+00  8.3529966465e+14  1.2685861146e+14
  1.5409815820e+00  8.2059063921e+14  1.2752431951e+14
  1.5466959760e+00  8.1179818995e+14  1.3043267553e+14
  1.5524103700e+00  8.1039849113e+14  1.3551154611e+14
  1.5581247640e+00  8.1663363093e+14  1.4233131500e+14
  1.5638391580e+00  8.2941833505e+14  1.5016685116e+14
  1.5695535520e+00  8.4647045140e+14  1.5811225225e+14
  1.5752679460e+00  8.6465207060e+14  1.6523088470e+14
  1.5809823400e+00  8.8047159105e+14  1.7071656367e+14
  1.5866967340e+00  8.9066740054e+14  1.7403884382e+14
  1.5924111280e+00  8.9277646615e+14  1.7504695820e+14
  1.5981255220e+00  8.8558948050e+14  1.7401286474e+14
  1.6038399160e+00  8.6940927158e+14  1.7160332502e+14
  1.6095543100e+00  8.4605912828e+14  1.6878250729e+14
  1.6152687040e+00  8.1862811090e+14  1.6665842932e+14
  1.6209830980e+00  7.9098492534e+14  1.6629666417e+14
  1.6266974920e+00  7.6713317726e+14  1.6853135833e+14
  1.6324118860e+00  7.5051164088e+14  1.7380549213e+14
  1.6381262800e+00  7.4335784632e+14  1.8206891728e+14
  1.6438406740e+00  7.4624853580e+14  1.9275436183e+14
  1.6495550680e+00  7.5790619842e+14  2.0483946099e+14
  1.6552694620e+00  7.7532009680e+14  2.1698879955e+14
  1.6609838560e+00  7.9417900108e+14  2.2775619436e+14
  1.6666982500e+00  8.0955936128e+14  2.3581631416e+14
  1.6724126440e+00  8.1676579567e+14  2.4018821884e+14
  1.6781270380e+00  8.1218882757e+14  2.4041282382e+14
  1.6838414320e+00  7.9403398719e+14  2.3665206457e+14
  1.6895558260e+00  7.6278973019e+14  2.2968903056e+14
  1.6952702200e+00  7.2133826100e+14  2.2082395589e+14
  1.7009846140e+00  6.7466849095e+14  2.1167832695e+14
  1.7066990080e+00  6.2921584724e+14  2.0393570652e+14
  1.7124134020e+00  5.9191910307e+14  1.9906039856e+14
  1.7181277960e+00  5.6913882076e+14  1.9804147297e+14
  1.7238421900e+00  5.6561552795e+14  2.0120848368e+14
  1.7295565840e+00  5.8365135051e+14  2.0815614301e+14
  1.7352709780e+00  6.2267361918e+14  2.1779922222e+14
  1.7409853720e+00  6.7928493645e+14  2.2855817768e+14
  1.7466997660e+00  7.4782817557e+14  2.3865350996e+14
  1.7524141600e+00  8.2140777939e+14  2.4646618936e+14
  1.7581285540e+00  8.9322399378e+14  2.5090611173e+14
  1.7638429480e+00  9.5800834864e+14  2.5172337087e+14
  1.7695573420e+00  1.0133092160e+15  2.4969994317e+14
  1.7752717360e+00  1.0603743800e+15  2.4667253466e+14
  1.7809861300e+00  1.1044167025e+15  2.4535961641e+14
  1.7867005240e+00  1.1541264532e+15  2.4899435378e+14
  1.7924149180e+00  1.2204008161e+15  2.6079633218e+14
  1.7981293120e+00  1.3143834528e+15  2.8334415460e+14
  1.8038437060e+00  1.4450273563e+15  3.1793358166e+14
  1.8095581000e+00  1.6164942186e+15  3.6401801508e+14
  1.8152724940e+00  1.8257665316e+15  4.1882718268e+14
  1.8209868880e+00  2.0608623786e+15  4.7724499216e+14
  1.8267012820e+00  2.3000014562e+15  5.3199976664e+14
  1.8324156760e+00  2.5119760591e+15  5.7418244609e+14
  1.8381300700e+00  2.6578420869e+15  5.9406540379e+14
  1.8438444640e+00  2.6938789674e+15  5.8215185861e+14
  1.8495588580e+00  2.5755949224e+15  5.3034930403e+14
  1.8552732520e+00  2.2623984701e+15  4.3313522848e+14
  1.8609876460e+00  1.7224405524e+15  2.8857367308e+14
  1.8667020400e+00  9.3707200074e+14  9.9048966962e+13
  1.8724164340e+00  -9.5630938817e+13  -1.2839186536e+14
  1.8781308280e+00  -1.3587424621e+15  -3.8215649396e+14
  1.8838452220e+00  -2.8160933888e+15  -6.4670255930e+14
  1.8895596160e+00  -4.4137492281e+15  -9.0357423717e+14
  1.8952740100e+00  -6.0832899111e+15  -1.1327912803e+15
  1.9009884040e+00  -7.7466111296e+15  -1.3144585953e+15
  1.9067027980e+00  -9.3217859809e+15  -1.4304359552e+15
  1.9124171920e+00  -1.0729396430e+16  -1.4658974434e+15
  1.9181315860e+00  -1.1898683988e+16  -1.4106201555e+15
  1.9238459800e+00  -1.2772886193e+16  -1.2598704806e+15
  1.9295603740e+00  -1.3313218238e+16  -1.0148004852e+15
  1.9352747680e+00  -1.3501115908e+16  -6.8232110026e+14
  1.9409891620e+00  -1.3338557033e+16  -2.7447627423e+14
  1.9467035560e+00  -1.2846498521e+16  1.9260403734e+14
  1.9524179500e+00  -1.2061677004e+16  7.0005074042e+14
  1.9581323440e+00  -1.1032196967e+16  1.2277529664e+15
  1.9638467380e+00  -9.8124497592e+15  1.7558469567e+15
  1.9695611320e+00  -8.4579564103e+15  2.2660469812e+15
  1.9752755260e+00  -7.0207026438e+15  2.7426955870e+15
  1.9809899200e+00  -5.5454414968e+15  3.1734505970e+15
  1.9867043140e+00  -4.0672918994e+15  3.5495741704e+15
  1.9924187080e+00  -2.6107816050e+15  3.8658385491e+15
  1.9981331020e+00  -1.1902946439e+15  4.1201075115e+15
  2.0038474960e+00  1.8828809659e+14  4.3126866256e+15
  2.0095618900e+00  1.5250998587e+15  4.4455552868e+15
  2.0152762840e+00  2.8233747245e+15  4.5215974420e+15
  2.0209906780e+00  4.0865522859e+15  4.5439362438e+15
  2.0267050720e+00  5.3158003904e+15  4.5154531006e+15
  2.0324194660e+00  6.5082631723e+15  4.4385378064e+15
  2.0381338600e+00  7.6562138394e+15  4.3150787353e+15
  2.0438482540e+00  8.7471490951e+15  4.1466658676e+15
  2.0495626480e+00  9.7647255998e+15  3.9349495347e+15
  2.0552770420e+00  1.0690327445e+16  3.6820779960e+15
  2.0609914360e+00  1.1504981453e+16  3.3911294044e+15
  2.0667058300e+00  1.2191311970e+16  3.0664587216e+15
  2.0724202240e+00  1.2735249031e+16  2.7138962337e+15
  2.0781346180e+00  1.3127266770e+16  2.3407585799e+15
  2.0838490120e+00  1.3363020324e+16  1.9556617316e+15
  2.0895634060e+00  1.3443353414e+16  1.5681538716e+15
  2.0952778000e+00  1.3373748340e+16  1.1882106144e+15
  2.1009921940e+00  1.3163370153e+16  8.2565227604e+14
  2.1067065880e+00  1.2823905859e+16  4.8955099443e+14
  2.1124209820e+00  1.2368411817e+16  1.8769388644e+14
  2.1181353760e+00  1.1810358366e+16  -7.3841990353e+13
  2.1238497700e+00  1.1163006123e+16  -2.9096421607e+14
  2.1295641640e+00  1.0439174192e+16  -4.6167136625e+14
  2.1352785580e+00  9.6513800215e+15  -5.8599481186e+14
  2.1409929520e+00  8.8122578895e+15  -6.6579850765e+14
  2.1467073460e+00  7.9351099695e+15  -7.0447320974e+14
  2.1524217400e+00  7.0344192424e+15  -7.0656897033e+14
  2.1581361340e+00  6.1261605569e+15  -6.7741028410e+14
  2.1638505280e+00  5.2277831380e+15  -6.2273259790e+14
  2.1695649220e+00  4.3577979809e+15  -5.4836862651e+14
  2.1752793160e+00  3.5349763639e+15  -4.6000019942e+14
  2.1809937100e+00  2.7772387362e+15  -3.6297853889e+14
  2.1867081040e+00  2.1003741866e+15  -2.6220506781e+14
  2.1924224980e+00  1.5167693860e+15  -1.6205765227e+14
  2.1981368920e+00  1.0343358610e+15  -6.6344411359e+13
  2.2038512860e+00  6.5580394790e+14  2.1731167928e+13
  2.2095656800e+00  3.7850399443e+14  9.9604920219e+13
  2.2152800740e+00  1.9468784483e+14  1.6539033616e+14
  2.2209944680e+00  9.2367010261e+13  2.1791672989e+14
  2.2267088620e+00  5.6570181297e+13  2.5675710908e+14
  2.2324232560e+00  7.0863319693e+13  2.8223201544e+14
  2.2381376500e+00  1.1893954761e+14  2.9537553055e+14
  2.2438520440e+00  1.8607875099e+14  2.9785320292e+14
  2.2495664380e+00  2.6029900530e+14  2.9182823965e+14
  2.2552808320e+00  3.3306980508e+14  2.7978072274e+14
  2.2609952260e+00  3.9952290639e+14  2.6429328707e+14
  2.2667096200e+00  4.5817001424e+14  2.4782398255e+14
  2.2724240140e+00  5.1020624179e+14  2.3249149611e+14
  2.2781384080e+00  5.5853374056e+14  2.1989855909e+14
  2.2838528020e+00  6.0667310812e+14  2.1101588770e+14
  2.2895671960e+00  6.5773673687e+14  2.0614178266e+14
  2.2952815900e+00  7.1361804772e+14  2.0494258501e+14
  2.3009959840e+00  7.7450760552e+14  2.0656806833e+14
  2.3067103780e+00  8.3878892401e+14  2.0982529344e+14
  2.3124247720e+00  9.0330298839e+14  2.1338615256e+14
  2.3181391660e+00  9.6391139382e+14  2.1599913675e+14
  2.3238535600e+00  1.0162427059e+15  2.1667555817e+14
  2.3295679540e+00  1.0564819032e+15  2.1482463317e+14
  2.3352823480e+00  1.0820617897e+15  2.1031985282e+14
  2.3409967420e+00  1.0921373890e+15  2.0348968854e+14
  2.3467111360e+00  1.0877651932e+15  1.9503723971e+14
  2.3524255300e+00  1.0717614774e+15  1.8590411970e+14
  2.3581399240e+00  1.0482688143e+15  1.7710203223e+14
  2.3638543180e+00  1.0221083686e+15  1.6953985869e+14
  2.3695687120e+00  9.9802975006e+14  1.6387401689e+14
  2.3752831060e+00  9.7998493987e+14  1.6040543024e+14
  2.3809975000e+00  9.7054615017e+14  1.5903842516e+14
  2.3867118940e+00  9.7056107630e+14  1.5930658046e+14
  2.3924262880e+00  9.7909767776e+14  1.6045966025e+14
  2.3981406820e+00  9.9368154936e+14  1.6159602182e+14
  2.4038550760e+00  1.0107803939e+15  1.6181784307e+14
  2.4095694700e+00  1.0264500914e+15  1.6038325065e+14
  2.4152838640e+00  1.0370318129e+15  1.5683041520e+14
  2.4209982580e+00  1.0397833835e+15  1.5105368772e+14
  2.4267126520e+00  1.0333413219e+15  1.4332001061e+14
  2.4324270460e+00  1.0179401075e+15  1.3422377707e+14
  2.4381414400e+00  9.9535695682e+14  1.2458839606e+14
  2.4438558340e+00  9.6859660394e+14  1.1533140566e+14
  2.4495702280e+00  9.4137355397e+14  1.0731569240e+14
  2.4552846220e+00  9.1748195948e+14  1.0121132745e+14
  2.4609990160e+00  9.0016042070e+14  9.7390456818e+13
  2.4667134100e+00  8.9155806085e+14  9.5871975422e+13
  2.4724278040e+00  8.9238963207e+14  9.6324352312e+13
  2.4781421980e+00  9.0183453630e+14  9.8125357907e+13
  2.4838565920e+00  9.1769317291e+14  1.0046815888e+14
  2.4895709860e+00  9.3677096221e+14  1.0249580565e+14
  2.4952853800e+00  9.5542290511e+14  1.0344173320e+14
  2.5009997740e+00  9.7016575962e+14  1.0275321059e+14
  2.5067141680e+00  9.7825494983e+14  1.0017777217e+14
  2.5124285620e+00  9.7813059880e+14  9.5798992838e+13
  2.5181429560e+00  9.6966014512e+14  9.0016451495e+13
  2.5238573500e+00  9.5413981652e+14  8.3473949417e+13
  2.5295717440e+00  9.3405785662e+14  7.6948490051e+13
  2.5352861380e+00  9.1266201179e+14  7.1218812037e+13
  2.5410005320e+00  8.9340582046e+14  6.6935391111e+13
  2.5467149260e+00  8.7936748532e+14  6.4513313807e+13
  2.5524293200e+00  8.7273851504e+14  6.4065402525e+13
  2.5581437140e+00  8.7446652663e+14  6.5386138052e+13
  2.5638581080e+00  8.8410992344e+14  6.7988436354e+13
  2.5695725020e+00  8.9992620569e+14  7.1186604778e+13
  2.5752868960e+00  9.1917651133e+14  7.4211267015e+13
  2.5810012900e+00  9.3859317050e+14  7.6336932675e+13
  2.5867156840e+00  9.5493049914e+14  7.7001011619e+13
  2.5924300780e+00  9.6550606819e+14  7.5894710057e+13
  2.5981444720e+00  9.6864227329e+14  7.3011088976e+13
  2.6038588660e+00  9.6393559846e+14  6.8642785498e+13
  2.6095732600e+00  9.5231043521e+14  6.3330281109e+13
  2.6152876540e+00  9.3585066177e+14  5.7769754594e+13
  2.6210020480e+00  9.1743929180e+14  5.2696140448e+13
  2.6267164420e+00  9.0026818789e+14  4.8760955526e+13
  2.6324308360e+00  8.8730088755e+14  4.6425132858e+13
  2.6381452300e+00  8.8077860823e+14  4.5884431003e+13
  2.6438596240e+00  8.8185145148e+14  4.7039441458e+13
  2.6495740180e+00  8.9039519541e+14  4.9514736624e+13
  2.6552884120e+00  9.0504257487e+14  5.2723538423e+13
  2.6610028060e+00  9.2342193061e+14  5.5966796018e+13
  2.6667172000e+00  9.4256159777e+14  5.8549971131e+13
  2.6724315940e+00  9.5939113030e+14  5.9898047696e+13
  2.6781459880e+00  9.7125489954e+14  5.9649744531e+13
  2.6838603820e+00  9.7635225078e+14  5.7715511754e+13
  2.6895747760e+00  9.7403135754e+14  5.4290012817e+13
  2.6952891700e+00  9.6488890380e+14  4.9817402265e+13
  2.7010035640e+00  9.5066049033e+14  4.4915535248e+13
  2.7067179580e+00  9.3392168315e+14  4.0271993376e+13
  2.7124323520e+00  9.1765105120e+14  3.6529375291e+13
  2.7181467460e+00  9.0472916829e+14  3.4178941807e+13
  2.7238611400e+00  8.9745768135e+14  3.3480175412e+13
  2.7295755340e+00  8.9717857847e+14  3.4419389209e+13
  2.7352899280e+00  9.0405649297e+14  3.6713954359e+13
  2.7410043220e+00  9.1705923116e+14  3.9861109746e+13
  2.7467187160e+00  9.3413839320e+14  4.3222938728e+13
  2.7524331100e+00  9.5257855882e+14  4.6133165017e+13
  2.7581475040e+00  9.6945559886e+14  4.8007904783e+13
  2.7638618980e+00  9.8212686323e+14  4.8441980109e+13
  2.7695762920e+00  9.8867118544e+14  4.7274917803e+13
  2.7752906860e+00  9.8820555048e+14  4.4615889787e+13
  2.7810050800e+00  9.8102632228e+14  4.0823729710e+13
  2.7867194740e+00  9.6855253298e+14  3.6445634583e+13
  2.7924338680e+00  9.5308191098e+14  3.2124988270e+13
  2.7981482620e+00  9.3740151516e+14  2.8493798607e+13
  2.8038626560e+00  9.2431886107e+14  2.6067695315e+13
  2.8095770500e+00  9.1619231067e+14  2.5160900793e+13
  2.8152914440e+00  9.1453916603e+14  2.5835167043e+13
  2.8210058380e+00  9.1978649186e+14  2.7890953176e+13
  2.8267202320e+00  9.3120550263e+14  3.0902060417e+13
  2.8324346260e+00  9.4703948085e+14  3.4287722988e+13
  2.8381490200e+00  9.6480282935e+14  3.7409971232e+13
  2.8438634140e+00  9.8170040601e+14  3.9679957012e+13
  2.8495778080e+00  9.9509647116e+14  4.0655533737e+13
  2.8552922020e+00  1.0029546543e+15  4.0113931216e+13
  2.8610065960e+00  1.0041755808e+15  3.8087586589e+13
  2.8667209900e+00  9.9877624947e+14  3.4857372601e+13
  2.8724353840e+00  9.8788194863e+14  3.0904568287e+13
  2.8781497780e+00  9.7353294296e+14  2.6829761478e+13
  2.8838641720e+00  9.5833908573e+14  2.3252323259e+13
  2.8895785660e+00  9.4504075726e+14  2.0707254049e+13
  2.8952929600e+00  9.3604991170e+14  1.9556556114e+13
  2.9010073540e+00  9.3304801079e+14  1.9929792596e+13
  2.9067217480e+00  9.3670778811e+14  2.1703575846e+13
  2.9124361420e+00  9.4658481916e+14  2.4523215371e+13
  2.9181505360e+00  9.6119631683e+14  2.7862736342e+13
  2.9238649300e+00  9.7827322575e+14  3.1113120782e+13
  2.9295793240e+00  9.9514279639e+14  3.3683978148e+13
  2.9352937180e+00  1.0091771913e+15  3.5101683897e+13
  2.9410081120e+00  1.0182328944e+15  3.5087683292e+13
  2.9467225060e+00  1.0210075151e+15  3.3604022070e+13
  2.9524369000e+00  1.0172546535e+15  3.0858665816e+13
  2.9581512940e+00  1.0078214222e+15  2.7269883976e+13
  2.9638656880e+00  9.9450297719e+14  2.3395782338e+13
  2.9695800820e+00  9.7973900437e+14  1.9840838451e+13
  2.9752944760e+00  9.6620343150e+14  1.7155072985e+13
  2.9810088700e+00  9.5635630276e+14  1.5742656392e+13
  2.9867232640e+00  9.5203285157e+14  1.5795119954e+13
  2.9924376580e+00  9.5413834964e+14  1.7260194543e+13
  2.9981520520e+00  9.6249941898e+14  1.9851336732e+13
  3.0038664460e+00  9.7589619140e+14  2.3096217725e+13
  3.0095808400e+00  9.9226940363e+14  2.6415976002e+13
  3.0152952340e+00  1.0090672984e+15  2.9221944784e+13
  3.0210096280e+00  1.0236739367e+15  3.1013701673e+13
  3.0267240220e+00  1.0338470848e+15  3.1462119202e+13
  3.0324384160e+00  1.0380924332e+15  3.0463641003e+13
  3.0381528100e+00  1.0359117451e+15  2.8156837398e+13
  3.0438672040e+00  1.0278837636e+15  2.4898596760e+13
  3.0495815980e+00  1.0155647665e+15  2.1204032738e+13
  3.0552959920e+00  1.0012258374e+15  1.7660213360e+13
  3.0610103860e+00  9.8747117396e+14  1.4828145976e+13
  3.0667247800e+00  9.7680153533e+14  1.3149367030e+13
  3.0724391740e+00  9.7119595769e+14  1.2872675762e+13
  3.0781535680e+00  9.7178164735e+14  1.4013157929e+13
  3.0838679620e+00  9.7864707030e+14  1.6350240474e+13
  3.0895823560e+00  9.9082920153e+14  1.9465004757e+13
  3.0952967500e+00  1.0064767174e+15  2.2810450648e+13
  3.1010111440e+00  1.0231614955e+15  2.5802933545e+13
  3.1067255380e+00  1.0382860443e+15  2.7919498795e+13
  3.1124399320e+00  1.0495185423e+15  2.8784890446e+13
  3.1181543260e+00  1.0551826746e+15  2.8233765755e+13
  3.1238687200e+00  1.0545371400e+15  2.6337805725e+13
  3.1295831140e+00  1.0478982586e+15  2.3393278164e+13
  3.1352975080e+00  1.0365854217e+15  1.9871203720e+13
  3.1410119020e+00  1.0226987825e+15  1.6338498457e+13
  3.1467262960e+00  1.0087666223e+15  1.3363283771e+13
  3.1524406900e+00  9.9732156543e+14  1.1420166892e+13
  3.1581550840e+00  9.9047663478e+14  1.0811271906e+13
  3.1638694780e+00  9.8957206450e+14  1.1616150819e+13
  3.1695838720e+00  9.9495186743e+14  1.3678872106e+13
  3.1752982660e+00  1.0059073777e+15  1.6634378456e+13
  3.1810126600e+00  1.0207970214e+15  1.9969661115e+13
  3.1867270540e+00  1.0373220841e+15  2.3109505358e+13
  3.1924414480e+00  1.0529121752e+15  2.5512483370e+13
  3.1981558420e+00  1.0651557899e+15  2.6761183775e+13
  3.2038702360e+00  1.0722038908e+15  2.6631648733e+13
  3.2095846300e+00  1.0730790073e+15  2.5130473082e+13
  3.2152990240e+00  1.0678382170e+15  2.2493422119e+13
  3.2210134180e+00  1.0575628529e+15  1.9145843571e+13
  3.2267278120e+00  1.0441767860e+15  1.5631514933e+13
  3.2324422060e+00  1.0301238071e+15  1.2521819780e+13
  3.2381566000e+00  1.0179581779e+15  1.0320412256e+13
  3.2438709940e+00  1.0099169170e+15  9.3792659286e+12
  3.2495853880e+00  1.0075454003e+15  9.8400912118e+12
  3.2552997820e+00  1.0114389008e+15  1.1610865437e+13
  3.2610141760e+00  1.0211432687e+15  1.4381359664e+13
  3.2667285700e+00  1.0352313104e+15  1.7675043776e+13
  3.2724429640e+00  1.0515420265e+15  2.0928690043e+13
  3.2781573580e+00  1.0675426258e+15  2.3586384434e+13
  3.2838717520e+00  1.0807527025e+15  2.5192261812e+13
  3.2895861460e+00  1.0891595769e+15  2.5466502975e+13
  3.2953005400e+00  1.0915552905e+15  2.4351929986e+13
  3.3010149340e+00  1.0877388642e+15  2.2023443734e+13
  3.3067293280e+00  1.0785499739e+15  1.8858745628e+13
  3.3124437220e+00  1.0657284089e+15  1.5375240459e+13
  3.3181581160e+00  1.0516228265e+15  1.2143654100e+13
  3.3238725100e+00  1.0387975349e+15  9.6927789031e+12
  3.3295869040e+00  1.0296031059e+15  8.4212353922e+12
  3.3353012980e+00  1.0257826778e+15  8.5309658063e+12
  3.3410156920e+00  1.0281798571e+15  9.9935491550e+12
  3.3467300860e+00  1.0365971364e+15  1.2554953307e+13
  3.3524444800e+00  1.0498285776e+15  1.5777929734e+13
  3.3581588740e+00  1.0658613529e+15  1.9114979243e+13
  3.3638732680e+00  1.0822124766e+15  2.1999718598e+13
  3.3695876620e+00  1.0963444243e+15  2.3941408235e+13
  3.3753020560e+00  1.1060901034e+15  2.4606872201e+13
  3.3810164500e+00  1.1100160427e+15  2.3876141511e+13
  3.3867308440e+00  1.1076629640e+15  2.1862531790e+13
  3.3924452380e+00  1.0996233866e+15  1.8893795757e+13
  3.3981596320e+00  1.0874431625e+15  1.5457482702e+13
  3.4038740260e+00  1.0733632988e+15  1.2119608586e+13
  3.4095884200e+00  1.0599451676e+15  9.4301959643e+12
  3.4153028140e+00  1.0496417561e+15  7.8314391524e+12
  3.4210172080e+00  1.0443866894e+15  7.5838196919e+12
  3.4267316020e+00  1.0452698491e+15  8.7225106876e+12
  3.4324459960e+00  1.0523539774e+15  1.1051362564e+13
  3.4381603900e+00  1.0646631097e+15  1.4175497414e+13
  3.4438747840e+00  1.0803449469e+15  1.7567098410e+13
  3.4495891780e+00  1.0969801671e+15  2.0653438580e+13
  3.4553035720e+00  1.1119870491e+15  2.2912474563e+13
  3.4610179660e+00  1.1230537686e+15  2.3960057198e+13
  3.4667323600e+00  1.1285260166e+15  2.3614196437e+13
  3.4724467540e+00  1.1276849831e+15  2.1925634183e+13
  3.4781611480e+00  1.1208690187e+15  1.9169590969e+13
  3.4838755420e+00  1.1094183998e+15  1.5800026519e+13
  3.4895899360e+00  1.0954522050e+15  1.2374011093e+13
  3.4953043300e+00  1.0815144331e+15  9.4588003766e+12
  3.5010187240e+00  1.0701484336e+15  7.5371067795e+12
  3.5067331180e+00  1.0634708074e+15  6.9263783475e+12
  3.5124475120e+00  1.0628161315e+15  7.7255770643e+12
  3.5181619060e+00  1.0685121125e+15  9.7983748777e+12
  3.5238763000e+00  1.0798230289e+15  1.2795618603e+13
  3.5295906940e+00  1.0950712096e+15  1.6213364190e+13
  3.5353050880e+00  1.1119165026e+15  1.9476838930e+13
  3.5410194820e+00  1.1277472000e+15  2.2036349190e+13
  3.5467338760e+00  1.1401171479e+15  2.3459137614e+13
  3.5524482700e+00  1.1471559168e+15  2.3501846756e+13
  3.5581626640e+00  1.1478832903e+15  2.2151460680e+13
  3.5638770580e+00  1.1423752211e+15  1.9627839707e+13
  3.5695914520e+00  1.1317531796e+15  1.6347364333e+13
  3.5753058460e+00  1.1179983309e+15  1.2853696174e+13
  3.5810202400e+00  1.1036213196e+15  9.7271634161e+12
  3.5867346340e+00  1.0912426746e+15  7.4878663914e+12
  3.5924490280e+00  1.0831539301e+15  6.5086733507e+12
  3.5981634220e+00  1.0809329305e+15  6.9526538002e+12
  3.6038778160e+00  1.0851778706e+15  8.7454427433e+12
  3.6095922100e+00  1.0954048774e+15  1.1587216117e+13
  3.6153066040e+00  1.1101266506e+15  1.5002352479e+13
  3.6210209980e+00  1.1270993959e+15  1.8418559527e+13
  3.6267353920e+00  1.1436970763e+15  2.1262307834e+13
  3.6324497860e+00  1.1573505856e+15  2.3054664812e+13
  3.6381641800e+00  1.1659784327e+15  2.3491522677e+13
  3.6438785740e+00  1.1683367718e+15  2.2494787126e+13
  3.6495929680e+00  1.1642299465e+15  2.0225914526e+13
  3.6553073620e+00  1.1545459320e+15  1.7059454814e+13
  3.6610217560e+00  1.1411102998e+15  1.3520931458e+13
  3.6667361500e+00  1.1263827037e+15  1.0199355582e+13
  3.6724505440e+00  1.1130463274e+15  7.6489311236e+12
  3.6781649380e+00  1.1035587884e+15  6.2963467476e+12
  3.6838793320e+00  1.0997396337e+15  6.3691554777e+12
  3.6895937260e+00  1.1024636312e+15  7.8572577055e+12
  3.6953081200e+00  1.1115115309e+15  1.0514002989e+13
  3.7010225140e+00  1.1256037331e+15  1.3896824367e+13
  3.7067369080e+00  1.1426117382e+15  1.7440715252e+13
  3.7124513020e+00  1.1599124566e+15  2.0552356003e+13
  3.7181656960e+00  1.1748264297e+15  2.2709216513e+13
  3.7238800900e+00  1.1850667841e+15  2.3547089147e+13
  3.7295944840e+00  1.1891237336e+15  2.2921395417e+13
  3.7353088780e+00  1.1865200109e+15  2.0931951827e+13
  3.7410232720e+00  1.1778940443e+15  1.7906956875e+13
  3.7467376660e+00  1.1648964137e+15  1.4348762232e+13
  3.7524520600e+00  1.1499163581e+15  1.0850382911e+13
  3.7581664540e+00  1.1356836282e+15  7.9966152287e+12
  3.7638808480e+00  1.1248120007e+15  6.2662426905e+12
  3.7695952420e+00  1.1193607572e+15  5.9516759058e+12
  3.7753096360e+00  1.1204876648e+15  7.1095076692e+12
  3.7810240300e+00  1.1282519070e+15  9.5503388628e+12
  3.7867384240e+00  1.1416004814e+15  1.2869694184e+13
  3.7924528180e+00  1.1585409585e+15  1.6514986380e+13
  3.7981672120e+00  1.1764722816e+15  1.9877448529e+13
  3.8038816060e+00  1.1926187141e+15  2.2393747208e+13
