  r_x          E_1         E_2          E_PEAK(eV)       E_e1(eV)          E_e2(eV)          E_tot(eV)

  4.000e+01    2.020e+00   2.128e+00    2.1104041979e-03 2.4692394599e-03  1.1615597830e-03  3.6307992429e-03
  4.000e+01    2.222e+00   2.341e+00    2.6926182293e-03 2.0204747688e-03  1.5164813608e-03  3.5369561297e-03
  4.000e+01    2.424e+00   2.554e+00    3.1455933009e-03 3.6320748894e-03  1.7571059045e-03  5.3891807938e-03
  4.000e+01    2.626e+00   2.767e+00    3.3819730978e-03 2.8104374010e-03  1.6661211322e-03  4.4765585332e-03
  4.000e+01    2.828e+00   2.980e+00    3.3640019373e-03 3.5303272341e-03  2.0719727688e-03  5.6023000029e-03
  4.000e+01    3.030e+00   3.193e+00    3.1146280859e-03 3.8550608908e-03  1.4871365352e-03  5.3421974260e-03
  4.000e+01    3.232e+00   3.406e+00    2.8323212652e-03 2.7097790313e-03  1.3266830195e-03  4.0364620508e-03
  4.000e+01    3.434e+00   3.618e+00    2.5897393300e-03 2.5603489375e-03  1.2186299174e-03  3.7789788549e-03
  4.000e+01    3.636e+00   3.831e+00    2.3001127836e-03 2.2898153576e-03  1.0470977106e-03  3.3369130682e-03
  4.000e+01    3.838e+00   4.044e+00    1.9890622423e-03 1.9956515202e-03  9.6105292954e-04  2.9567044497e-03
  4.000e+01    4.040e+00   4.257e+00    1.6777358086e-03 1.8377337079e-03  8.3621816600e-04  2.6739518739e-03
  4.000e+01    4.242e+00   4.470e+00    1.3821728297e-03 1.6038131522e-03  7.3777307344e-04  2.3415862256e-03
  4.000e+01    4.444e+00   4.683e+00    1.1133757282e-03 1.4257444515e-03  6.4863726606e-04  2.0743817175e-03
  4.000e+01    4.646e+00   4.895e+00    8.7785452985e-04 1.2614209270e-03  5.5153753625e-04  1.8129584632e-03
  4.000e+01    4.848e+00   5.108e+00    6.7839549035e-04 1.0813698662e-03  4.6830542122e-04  1.5496752874e-03
  4.000e+01    5.050e+00   5.321e+00    5.9674039212e-04 9.1829449711e-04  3.9968995629e-04  1.3179844534e-03
  4.000e+01    5.252e+00   5.534e+00    5.3468336486e-04 7.7828812388e-04  3.4117595313e-04  1.1194640770e-03
  4.000e+01    5.454e+00   5.747e+00    4.7776752865e-04 6.6130206632e-04  2.8905687750e-04  9.5035894382e-04
  4.000e+01    5.656e+00   5.960e+00    4.2617267925e-04 5.4616611442e-04  2.4986975452e-04  7.9603586894e-04
  4.000e+01    5.858e+00   6.172e+00    3.7989510627e-04 4.5035326075e-04  2.1996453942e-04  6.7031780017e-04

  4.200e+01    2.020e+00   2.128e+00    1.6031123393e-03 1.8926980529e-03  8.9813900610e-04  2.7908370590e-03
  4.200e+01    2.222e+00   2.341e+00    2.0724095285e-03 1.5630350960e-03  1.1611627438e-03  2.7241978398e-03
  4.200e+01    2.424e+00   2.554e+00    2.4667452798e-03 2.8177215683e-03  1.3851955642e-03  4.2029171326e-03
  4.200e+01    2.626e+00   2.767e+00    2.6940936323e-03 2.2277715769e-03  1.3026276533e-03  3.5303992302e-03
  4.200e+01    2.828e+00   2.980e+00    2.7162315804e-03 2.7796731820e-03  1.6325087276e-03  4.4121819096e-03
  4.200e+01    3.030e+00   3.193e+00    2.5451346864e-03 3.0698369460e-03  1.1943089714e-03  4.2641459174e-03
  4.200e+01    3.232e+00   3.406e+00    2.3268990300e-03 2.1858678479e-03  1.0771101362e-03  3.2629779841e-03
  4.200e+01    3.434e+00   3.618e+00    2.1388688381e-03 2.0828616761e-03  9.9264462086e-04  3.0755062969e-03
  4.200e+01    3.636e+00   3.831e+00    1.9072048194e-03 1.8682842573e-03  8.5769369159e-04  2.7259779489e-03
  4.200e+01    3.838e+00   4.044e+00    1.6538149401e-03 1.6375047911e-03  7.8900483393e-04  2.4265096250e-03
  4.200e+01    4.040e+00   4.257e+00    1.3971349171e-03 1.5107829248e-03  6.8775884588e-04  2.1985417707e-03
  4.200e+01    4.242e+00   4.470e+00    1.1513987140e-03 1.3220889077e-03  6.0784169996e-04  1.9299306077e-03
  4.200e+01    4.444e+00   4.683e+00    9.2658109219e-04 1.1780316982e-03  5.3474076147e-04  1.7127724597e-03
  4.200e+01    4.646e+00   4.895e+00    7.2877773266e-04 1.0445015830e-03  4.5568800005e-04  1.5001895830e-03
  4.200e+01    4.848e+00   5.108e+00    5.6607274707e-04 8.9741039530e-04  3.8741379006e-04  1.2848241854e-03
  4.200e+01    5.050e+00   5.321e+00    5.0701557525e-04 7.6335416521e-04  3.3030411297e-04  1.0936582782e-03
  4.200e+01    5.252e+00   5.534e+00    4.5222778250e-04 6.4672959679e-04  2.8049878896e-04  9.2722838574e-04
  4.200e+01    5.454e+00   5.747e+00    4.0210652625e-04 5.4888672723e-04  2.3528722213e-04  7.8417394936e-04
  4.200e+01    5.656e+00   5.960e+00    3.5681165126e-04 4.5181953706e-04  2.0164563284e-04  6.5346516990e-04
  4.200e+01    5.858e+00   6.172e+00    3.1633011377e-04 3.6777481900e-04  1.7611274592e-04  5.4388756491e-04

  4.400e+01    2.020e+00   2.128e+00    1.2504562786e-03 1.4757385141e-03  7.0806334718e-04  2.1838018613e-03
  4.400e+01    2.222e+00   2.341e+00    1.6265856565e-03 1.2357749253e-03  9.0559714199e-04  2.1413720673e-03
  4.400e+01    2.424e+00   2.554e+00    1.9724839356e-03 2.2164239651e-03  1.1099761052e-03  3.3264000703e-03
  4.400e+01    2.626e+00   2.767e+00    2.1876191028e-03 1.7986539929e-03  1.0381689616e-03  2.8368229545e-03
  4.400e+01    2.828e+00   2.980e+00    2.2345607502e-03 2.2195971117e-03  1.3076776563e-03  3.5272747680e-03
  4.400e+01    3.030e+00   3.193e+00    2.1179410667e-03 2.4792277137e-03  9.7564729105e-04  3.4548750048e-03
  4.400e+01    3.232e+00   3.406e+00    1.9492174259e-03 1.7924423825e-03  8.9111894912e-04  2.6835613316e-03
  4.400e+01    3.434e+00   3.618e+00    1.8003420081e-03 1.7243954144e-03  8.2363893546e-04  2.5480343498e-03
  4.400e+01    3.636e+00   3.831e+00    1.6110745273e-03 1.5507789153e-03  7.1559961635e-04  2.2663785317e-03
  4.400e+01    3.838e+00   4.044e+00    1.4004189654e-03 1.3666397835e-03  6.5938092857e-04  2.0260207120e-03
  4.400e+01    4.040e+00   4.257e+00    1.1846359689e-03 1.2628795401e-03  5.7585831939e-04  1.8387378594e-03
  4.400e+01    4.242e+00   4.470e+00    9.7646006482e-04 1.1080090522e-03  5.0962314179e-04  1.6176321940e-03
  4.400e+01    4.444e+00   4.683e+00    7.8497966469e-04 9.8927146621e-04  4.4866579299e-04  1.4379372592e-03
  4.400e+01    4.646e+00   4.895e+00    6.1589600427e-04 8.7897697140e-04  3.8317182352e-04  1.2621487949e-03
  4.400e+01    4.848e+00   5.108e+00    4.9244874194e-04 7.5674957890e-04  3.2642308600e-04  1.0831726649e-03
  4.400e+01    5.050e+00   5.321e+00    4.3923078333e-04 6.4499668165e-04  2.7833170745e-04  9.2332838911e-04
  4.400e+01    5.252e+00   5.534e+00    3.8997687983e-04 5.4670080582e-04  2.3572740475e-04  7.8242821057e-04
  4.400e+01    5.454e+00   5.747e+00    3.4504824447e-04 4.6394676225e-04  1.9627361519e-04  6.6022037744e-04
  4.400e+01    5.656e+00   5.960e+00    3.0458114435e-04 3.8135781859e-04  1.6639624092e-04  5.4775405951e-04
  4.400e+01    5.858e+00   6.172e+00    2.6855130067e-04 3.0720404882e-04  1.4429982142e-04  4.5150387024e-04

  4.600e+01    2.020e+00   2.128e+00    9.9741246606e-04 1.1714501920e-03  5.6919214494e-04  1.7406423370e-03
  4.600e+01    2.222e+00   2.341e+00    1.3020901246e-03 9.9890762925e-04  7.1952028937e-04  1.7184279186e-03
  4.600e+01    2.424e+00   2.554e+00    1.6076443734e-03 1.7688749641e-03  9.0396032130e-04  2.6728352854e-03
  4.600e+01    2.626e+00   2.767e+00    1.8092316475e-03 1.4785576269e-03  8.4266029298e-04  2.3212179199e-03
  4.600e+01    2.828e+00   2.980e+00    1.8709357083e-03 1.7984859333e-03  1.0646009687e-03  2.8630869020e-03
  4.600e+01    3.030e+00   3.193e+00    1.7925206264e-03 2.0308630893e-03  8.1024679645e-04  2.8411098858e-03
  4.600e+01    3.232e+00   3.406e+00    1.6621399596e-03 1.4931099380e-03  7.5009650087e-04  2.2432064389e-03
  4.600e+01    3.434e+00   3.618e+00    1.5417861759e-03 1.4508532009e-03  6.9497713785e-04  2.1458303388e-03
  4.600e+01    3.636e+00   3.831e+00    1.3840512141e-03 1.3078009631e-03  6.0716899150e-04  1.9149699546e-03
  4.600e+01    3.838e+00   4.044e+00    1.2056195475e-03 1.1584030697e-03  5.6003559323e-04  1.7184386630e-03
  4.600e+01    4.040e+00   4.257e+00    1.0209694431e-03 1.0718478299e-03  4.9002458041e-04  1.5618724103e-03
  4.600e+01    4.242e+00   4.470e+00    8.4159680350e-04 9.4267527487e-04  4.3410400234e-04  1.3767792772e-03
  4.600e+01    4.444e+00   4.683e+00    6.7582196440e-04 8.4305313340e-04  3.8251188027e-04  1.2255650137e-03
  4.600e+01    4.646e+00   4.895e+00    5.2897203374e-04 7.5057991542e-04  3.2736238582e-04  1.0779423012e-03
  4.600e+01    4.848e+00   5.108e+00    4.3579043753e-04 6.4744476212e-04  2.7958954460e-04  9.2703430672e-04
  4.600e+01    5.050e+00   5.321e+00    3.8707890908e-04 5.5308748445e-04  2.3863282948e-04  7.9172031393e-04
  4.600e+01    5.252e+00   5.534e+00    3.4211754309e-04 4.6932866095e-04  2.0187262617e-04  6.7120128713e-04
  4.600e+01    5.454e+00   5.747e+00    3.0122994222e-04 3.9858830985e-04  1.6733828438e-04  5.6592659423e-04
  4.600e+01    5.656e+00   5.960e+00    2.6453108048e-04 3.2766112201e-04  1.4024480890e-04  4.6790593090e-04
  4.600e+01    5.858e+00   6.172e+00    2.3198214303e-04 2.6270600940e-04  1.2087391353e-04  3.8357992293e-04

  4.800e+01    2.020e+00   2.128e+00    8.1372407129e-04 9.4757817283e-04  4.6653669356e-04  1.4141148664e-03
  4.800e+01    2.222e+00   2.341e+00    1.0630971236e-03 8.2476808856e-04  5.8246234739e-04  1.4072304359e-03
  4.800e+01    2.424e+00   2.554e+00    1.3347882076e-03 1.4328691370e-03  7.4796400267e-04  2.1808331397e-03
  4.800e+01    2.626e+00   2.767e+00    1.5225785046e-03 1.2361641271e-03  6.9632230531e-04  1.9324864324e-03
  4.800e+01    2.828e+00   2.980e+00    1.5924623301e-03 1.4792515707e-03  8.8058985401e-04  2.3598414247e-03
  4.800e+01    3.030e+00   3.193e+00    1.5410026890e-03 1.6870970837e-03  6.8357999218e-04  2.3706770759e-03
  4.800e+01    3.232e+00   3.406e+00    1.4404660922e-03 1.2624442360e-03  6.4147348376e-04  1.9039177198e-03
  4.800e+01    3.434e+00   3.618e+00    1.3411870267e-03 1.2389627999e-03  5.9551311403e-04  1.8344759139e-03
  4.800e+01    3.636e+00   3.831e+00    1.2072689141e-03 1.1191281962e-03  5.2309380498e-04  1.6422220012e-03
  4.800e+01    3.838e+00   4.044e+00    1.0535232547e-03 9.9591713378e-04  4.8271870789e-04  1.4786358417e-03
  4.800e+01    4.040e+00   4.257e+00    8.9295620339e-04 9.2250698723e-04  4.2315834492e-04  1.3456653322e-03
  4.800e+01    4.242e+00   4.470e+00    7.3601960376e-04 8.1304791979e-04  3.7514307552e-04  1.1881909953e-03
  4.800e+01    4.444e+00   4.683e+00    5.9037346013e-04 7.2810520100e-04  3.3090950644e-04  1.0590147074e-03
  4.800e+01    4.646e+00   4.895e+00    4.6100147489e-04 6.4950034384e-04  2.8375954203e-04  9.3325988587e-04
  4.800e+01    4.848e+00   5.108e+00    3.9146488184e-04 5.6124309124e-04  2.4307383963e-04  8.0431693087e-04
  4.800e+01    5.050e+00   5.321e+00    3.4629008371e-04 4.8065367811e-04  2.0780959826e-04  6.8846327637e-04
  4.800e+01    5.252e+00   5.534e+00    3.0471162941e-04 4.0855988831e-04  1.7581774335e-04  5.8437763167e-04
  4.800e+01    5.454e+00   5.747e+00    2.6702172737e-04 3.4747603415e-04  1.4534009480e-04  4.9281612895e-04
  4.800e+01    5.656e+00   5.960e+00    2.3331176655e-04 2.8599229773e-04  1.2058852984e-04  4.0658082757e-04
  4.800e+01    5.858e+00   6.172e+00    2.0352801890e-04 2.2916461364e-04  1.0341014981e-04  3.3257476345e-04

  5.000e+01    2.020e+00   2.128e+00    6.7897967726e-04 7.8117723560e-04  3.8984332129e-04  1.1710205569e-03
  5.000e+01    2.222e+00   2.341e+00    8.8511658233e-04 6.9425179499e-04  4.8041975207e-04  1.1746715471e-03
  5.000e+01    2.424e+00   2.554e+00    1.1281783985e-03 1.1783424753e-03  6.2851481140e-04  1.8068572867e-03
  5.000e+01    2.626e+00   2.767e+00    1.3025465278e-03 1.0502651942e-03  5.8562944465e-04  1.6358946389e-03
  5.000e+01    2.828e+00   2.980e+00    1.3763017106e-03 1.2350718162e-03  7.3956415730e-04  1.9746359735e-03
  5.000e+01    3.030e+00   3.193e+00    1.3439450756e-03 1.4208873196e-03  5.8545544819e-04  2.0063427678e-03
  5.000e+01    3.232e+00   3.406e+00    1.2667964679e-03 1.0825270859e-03  5.5659533109e-04  1.6391224170e-03
  5.000e+01    3.434e+00   3.618e+00    1.1832913565e-03 1.0725437377e-03  5.1753456373e-04  1.5900783014e-03
  5.000e+01    3.636e+00   3.831e+00    1.0676275647e-03 9.7073191220e-04  4.5696556267e-04  1.4276974749e-03
  5.000e+01    3.838e+00   4.044e+00    9.3307222201e-04 8.6743289066e-04  4.2171146364e-04  1.2891443543e-03
  5.000e+01    4.040e+00   4.257e+00    7.9140930332e-04 8.0407934829e-04  3.7034528497e-04  1.1744246333e-03
  5.000e+01    4.242e+00   4.470e+00    6.5220360105e-04 7.1005475230e-04  3.2847871009e-04  1.0385334624e-03
  5.000e+01    4.444e+00   4.683e+00    5.2254214698e-04 6.3653937505e-04  2.9010633806e-04  9.2664571311e-04
  5.000e+01    4.646e+00   4.895e+00    4.0710119660e-04 5.6886740398e-04  2.4921649620e-04  8.1808390018e-04
  5.000e+01    4.848e+00   5.108e+00    3.5626548116e-04 4.9236704837e-04  2.1417870226e-04  7.0654575063e-04
  5.000e+01    5.050e+00   5.321e+00    3.1390831353e-04 4.2280386653e-04  1.8351738378e-04  6.0632125031e-04
  5.000e+01    5.252e+00   5.534e+00    2.7503754044e-04 3.6017534781e-04  1.5542681121e-04  5.1560215902e-04
  5.000e+01    5.454e+00   5.747e+00    2.3991484527e-04 3.0691975902e-04  1.2834941522e-04  4.3526917424e-04
  5.000e+01    5.656e+00   5.960e+00    2.0860952638e-04 2.5314563944e-04  1.0597803979e-04  3.5912367923e-04
  5.000e+01    5.858e+00   6.172e+00    1.8105494903e-04 2.0319878086e-04  9.0239686927e-05  2.9343846779e-04

  5.200e+01    2.020e+00   2.128e+00    5.7920727171e-04 6.5597174972e-04  3.3198878126e-04  9.8796053098e-04
  5.200e+01    2.222e+00   2.341e+00    7.6320420093e-04 5.9522119364e-04  4.0372916400e-04  9.9895035764e-04
  5.200e+01    2.424e+00   2.554e+00    9.6989226733e-04 9.8380064117e-04  5.3606455452e-04  1.5198651957e-03
  5.200e+01    2.626e+00   2.767e+00    1.1315510492e-03 9.0615567926e-04  5.0100309338e-04  1.4071587726e-03
  5.200e+01    2.828e+00   2.980e+00    1.2063744505e-03 1.0466530882e-03  6.3007062485e-04  1.6767237130e-03
  5.200e+01    3.030e+00   3.193e+00    1.1875893250e-03 1.2126522649e-03  5.0867573064e-04  1.7213279955e-03
  5.200e+01    3.232e+00   3.406e+00    1.1289052421e-03 9.4062166814e-04  4.8940559846e-04  1.4300272666e-03
  5.200e+01    3.434e+00   3.618e+00    1.0573523143e-03 9.4016959374e-04  4.5561891674e-04  1.3957885105e-03
  5.200e+01    3.636e+00   3.831e+00    9.5586664700e-04 8.5252077007e-04  4.0432257921e-04  1.2568433493e-03
  5.200e+01    3.838e+00   4.044e+00    8.3643702446e-04 7.6464959087e-04  3.7297659304e-04  1.1376261839e-03
  5.200e+01    4.040e+00   4.257e+00    7.0981389968e-04 7.0898901712e-04  3.2811445753e-04  1.0371034746e-03
  5.200e+01    4.242e+00   4.470e+00    5.8480653304e-04 6.2723608015e-04  2.9109296373e-04  9.1832904388e-04
  5.200e+01    4.444e+00   4.683e+00    4.6800339433e-04 5.6272254598e-04  2.5743317977e-04  8.2015572575e-04
  5.200e+01    4.646e+00   4.895e+00    3.7094361365e-04 5.0377426214e-04  2.2151583583e-04  7.2529009797e-04
  5.200e+01    4.848e+00   5.108e+00    3.2793429972e-04 4.3668709478e-04  1.9101800618e-04  6.2770510096e-04
  5.200e+01    5.050e+00   5.321e+00    2.8785230521e-04 3.7605067207e-04  1.6411639540e-04  5.4016706747e-04
  5.200e+01    5.252e+00   5.534e+00    2.5117714621e-04 3.2117647786e-04  1.3923725897e-04  4.6041373683e-04
  5.200e+01    5.454e+00   5.747e+00    2.1814212008e-04 2.7432337013e-04  1.1512184672e-04  3.8944521685e-04
  5.200e+01    5.656e+00   5.960e+00    1.8879750536e-04 2.2689240414e-04  9.4848958203e-05  3.2174136235e-04
  5.200e+01    5.858e+00   6.172e+00    1.6306231381e-04 1.8271472359e-04  8.0172350885e-05  2.6288707447e-04

  5.400e+01    2.020e+00   2.128e+00    5.0471125893e-04 5.6085193883e-04  2.8796197930e-04  8.4881391813e-04
  5.400e+01    2.222e+00   2.341e+00    6.7157630654e-04 5.1926987718e-04  3.4554002448e-04  8.6480990166e-04
  5.400e+01    2.424e+00   2.554e+00    8.4728948160e-04 8.3379281826e-04  4.6377563384e-04  1.2975684521e-03
  5.400e+01    2.626e+00   2.767e+00    9.9711143189e-04 7.9300210394e-04  4.3555646833e-04  1.2285585723e-03
  5.400e+01    2.828e+00   2.980e+00    1.0712053910e-03 9.0008774693e-04  5.4418470174e-04  1.4442724487e-03
  5.400e+01    3.030e+00   3.193e+00    1.0620626581e-03 1.0480400839e-03  4.4810149840e-04  1.4961415823e-03
  5.400e+01    3.232e+00   3.406e+00    1.0180700046e-03 8.2755429257e-04  4.3559952682e-04  1.2631538194e-03
  5.400e+01    3.434e+00   3.618e+00    9.5567706557e-04 8.3365179823e-04  4.0588149965e-04  1.2395332979e-03
  5.400e+01    3.636e+00   3.831e+00    8.6534265375e-04 7.5717147069e-04  3.6199194011e-04  1.1191634108e-03
  5.400e+01    3.838e+00   4.044e+00    7.5798372876e-04 6.8141720193e-04  3.3361899385e-04  1.0150361958e-03
  5.400e+01    4.040e+00   4.257e+00    6.4347470066e-04 6.3179272929e-04  2.9397828377e-04  9.2577101306e-04
  5.400e+01    4.242e+00   4.470e+00    5.2997362662e-04 5.5987198001e-04  2.6081565704e-04  8.2068763705e-04
  5.400e+01    4.444e+00   4.683e+00    4.2363829669e-04 5.0256945642e-04  2.3099030709e-04  7.3355976351e-04
  5.400e+01    4.646e+00   4.895e+00    3.4597639795e-04 4.5066162395e-04  1.9905781984e-04  6.4971944378e-04
  5.400e+01    4.848e+00   5.108e+00    3.0485023167e-04 3.9119947997e-04  1.7224604527e-04  5.6344552523e-04
  5.400e+01    5.050e+00   5.321e+00    2.6662795488e-04 3.3785989150e-04  1.4844106574e-04  4.8630095724e-04
  5.400e+01    5.252e+00   5.534e+00    2.3175464845e-04 2.8939462077e-04  1.2621961180e-04  4.1561423257e-04
  5.400e+01    5.454e+00   5.747e+00    2.0043820548e-04 2.4782033628e-04  1.0462111300e-04  3.5244144928e-04
  5.400e+01    5.656e+00   5.960e+00    1.7271013255e-04 2.0564856840e-04  8.6172801950e-05  2.9182137035e-04
  5.400e+01    5.858e+00   6.172e+00    1.4847738553e-04 1.6630729914e-04  7.2386431246e-05  2.3869373039e-04

  5.600e+01    2.020e+00   2.128e+00    4.4867853952e-04 4.8799855074e-04  2.5421172083e-04  7.4221027156e-04
  5.600e+01    2.222e+00   2.341e+00    6.0104558700e-04 4.6053677382e-04  3.0097496753e-04  7.6151174135e-04
  5.600e+01    2.424e+00   2.554e+00    7.5134453122e-04 7.1713974107e-04  4.0670812409e-04  1.1238478652e-03
  5.600e+01    2.626e+00   2.767e+00    8.9025714194e-04 7.0284462047e-04  3.8436987459e-04  1.0872144951e-03
  5.600e+01    2.828e+00   2.980e+00    9.6249664609e-04 7.8532746200e-04  4.7618672162e-04  1.2615141836e-03
  5.600e+01    3.030e+00   3.193e+00    9.6018192390e-04 9.1670214917e-04  3.9972610737e-04  1.3164282565e-03
  5.600e+01    3.232e+00   3.406e+00    9.2796769677e-04 7.3644883382e-04  3.9207840169e-04  1.1285272355e-03
  5.600e+01    3.434e+00   3.618e+00    8.7266830103e-04 7.4704357032e-04  3.6551039447e-04  1.1125539648e-03
  5.600e+01    3.636e+00   3.831e+00    7.9121006660e-04 6.7944697849e-04  3.2749277005e-04  1.0069397485e-03
  5.600e+01    3.838e+00   4.044e+00    6.9359540196e-04 6.1332684261e-04  3.0154194894e-04  9.1486879155e-04
  5.600e+01    4.040e+00   4.257e+00    5.8895531746e-04 5.6850158284e-04  2.6613764810e-04  8.3463923094e-04
  5.600e+01    4.242e+00   4.470e+00    4.8488438862e-04 5.0454346714e-04  2.3605709560e-04  7.4060056274e-04
  5.600e+01    4.444e+00   4.683e+00    3.8716097434e-04 4.5308349889e-04  2.0935238537e-04  6.6243588426e-04
  5.600e+01    4.646e+00   4.895e+00    3.2541020172e-04 4.0690844868e-04  1.8066905966e-04  5.8757750835e-04
  5.600e+01    4.848e+00   5.108e+00    2.8583264365e-04 3.5368518396e-04  1.5688021319e-04  5.1056539714e-04
  5.600e+01    5.050e+00   5.321e+00    2.4914706752e-04 3.0636113141e-04  1.3563913183e-04  4.4200026324e-04
  5.600e+01    5.252e+00   5.534e+00    2.1576792419e-04 2.6323756425e-04  1.1563073500e-04  3.7886829925e-04
  5.600e+01    5.454e+00   5.747e+00    1.8588056727e-04 2.2604560208e-04  9.6160608142e-05  3.2220621023e-04
  5.600e+01    5.656e+00   5.960e+00    1.5949987310e-04 1.8826681505e-04  7.9299236265e-05  2.6756605132e-04
  5.600e+01    5.858e+00   6.172e+00    1.3652059137e-04 1.5299211572e-04  6.6298071477e-05  2.1929018720e-04

  5.800e+01    2.020e+00   2.128e+00    4.0626448362e-04 4.3177712695e-04  2.2823506074e-04  6.6001218769e-04
  5.800e+01    2.222e+00   2.341e+00    5.4626842178e-04 4.1460620218e-04  2.6661490959e-04  6.8122111177e-04
  5.800e+01    2.424e+00   2.554e+00    6.7645603261e-04 6.2569623907e-04  3.6126022105e-04  9.8695646012e-04
  5.800e+01    2.626e+00   2.767e+00    8.0446006124e-04 6.3028908276e-04  3.4377173372e-04  9.7406081649e-04
  5.800e+01    2.828e+00   2.980e+00    8.7416788869e-04 6.9436970147e-04  4.2191693320e-04  1.1162866347e-03
  5.800e+01    3.030e+00   3.193e+00    8.7665513769e-04 8.1102964903e-04  3.6068578151e-04  1.1717154305e-03
  5.800e+01    3.232e+00   3.406e+00    8.5395290841e-04 6.6240270480e-04  3.5663844527e-04  1.0190411501e-03
  5.800e+01    3.434e+00   3.618e+00    8.0420210224e-04 6.7592578298e-04  3.3243892319e-04  1.0083647062e-03
  5.800e+01    3.636e+00   3.831e+00    7.2988428549e-04 6.1548035262e-04  2.9912039853e-04  9.1460075115e-04
  5.800e+01    3.838e+00   4.044e+00    6.4022503316e-04 5.5713142150e-04  2.7517405144e-04  8.3230547294e-04
  5.800e+01    4.040e+00   4.257e+00    5.4370795368e-04 5.1615187582e-04  2.4321455119e-04  7.5936642700e-04
  5.800e+01    4.242e+00   4.470e+00    4.4744215311e-04 4.5869544933e-04  2.1564005836e-04  6.7433550769e-04
  5.800e+01    4.444e+00   4.683e+00    3.5687450697e-04 4.1202190834e-04  1.9148198797e-04  6.0350389631e-04
  5.800e+01    4.646e+00   4.895e+00    3.0829771374e-04 3.7055760282e-04  1.6547819719e-04  5.3603580001e-04
  5.800e+01    4.848e+00   5.108e+00    2.7000680954e-04 3.2248245783e-04  1.4418329442e-04  4.6666575224e-04
  5.800e+01    5.050e+00   5.321e+00    2.3460316531e-04 2.8015417931e-04  1.2508556335e-04  4.0523974266e-04
  5.800e+01    5.252e+00   5.534e+00    2.0247551154e-04 2.4151352006e-04  1.0692739458e-04  3.4844091465e-04
  5.800e+01    5.454e+00   5.747e+00    1.7378849107e-04 2.0798519461e-04  8.9261082032e-05  2.9724627665e-04
  5.800e+01    5.656e+00   5.960e+00    1.4854077755e-04 1.7390119080e-04  7.3793587235e-05  2.4769477803e-04
  5.800e+01    5.858e+00   6.172e+00    1.2661692845e-04 1.4206094707e-04  6.1550447712e-05  2.0361139478e-04

  6.000e+01    2.020e+00   2.128e+00    3.7398641081e-04 3.8806741159e-04  2.0829570653e-04  5.9636311812e-04
  6.000e+01    2.222e+00   2.341e+00    5.0337372283e-04 3.7833633905e-04  2.3989826214e-04  6.1823460119e-04
  6.000e+01    2.424e+00   2.554e+00    6.2415818832e-04 5.5348636190e-04  3.2473186116e-04  8.7821822306e-04
  6.000e+01    2.626e+00   2.767e+00    7.3491369466e-04 5.7134192030e-04  3.1128917430e-04  8.8263109460e-04
  6.000e+01    2.828e+00   2.980e+00    8.0171315373e-04 6.2161932176e-04  3.7838460361e-04  1.0000039254e-03
  6.000e+01    3.030e+00   3.193e+00    8.0753540793e-04 7.2543329182e-04  3.2887492763e-04  1.0543082194e-03
  6.000e+01    3.232e+00   3.406e+00    7.9257015162e-04 6.0182334974e-04  3.2740834441e-04  9.2923169416e-04
  6.000e+01    3.434e+00   3.618e+00    7.4719855200e-04 6.1701164838e-04  3.0512645876e-04  9.2213810714e-04
  6.000e+01    3.636e+00   3.831e+00    6.7868433568e-04 5.6239235101e-04  2.7561554977e-04  8.3800790078e-04
  6.000e+01    3.838e+00   4.044e+00    5.9558192700e-04 5.1040693843e-04  2.5327437840e-04  7.6368131683e-04
  6.000e+01    4.040e+00   4.257e+00    5.0581599289e-04 4.7251671727e-04  2.2414055661e-04  6.9665727388e-04
  6.000e+01    4.242e+00   4.470e+00    4.1607107096e-04 4.2041746090e-04  1.9868487740e-04  6.1910233830e-04
  6.000e+01    4.444e+00   4.683e+00    3.3338503711e-04 3.7770034060e-04  1.7660296945e-04  5.5430331005e-04
  6.000e+01    4.646e+00   4.895e+00    2.9392867825e-04 3.4012085879e-04  1.5282928628e-04  4.9295014507e-04
  6.000e+01    4.848e+00   5.108e+00    2.5671493465e-04 2.9633174999e-04  1.3360411033e-04  4.2993586032e-04
  6.000e+01    5.050e+00   5.321e+00    2.2239140566e-04 2.5817598384e-04  1.1630459646e-04  3.7448058031e-04
  6.000e+01    5.252e+00   5.534e+00    1.9132115022e-04 2.2331465105e-04  9.9706123505e-05  3.2302077455e-04
  6.000e+01    5.454e+00   5.747e+00    1.6365074584e-04 1.9287614229e-04  8.3573138354e-05  2.7644928064e-04
  6.000e+01    5.656e+00   5.960e+00    1.3936381285e-04 1.6191828919e-04  6.9324663000e-05  2.3124295219e-04
  6.000e+01    5.858e+00   6.172e+00    1.1833637180e-04 1.3299393498e-04  5.7845532063e-05  1.9083946704e-04

  6.200e+01    2.020e+00   2.128e+00    3.4931469405e-04 3.5341621656e-04  1.9262266312e-04  5.4603887967e-04
  6.200e+01    2.222e+00   2.341e+00    4.6952776516e-04 3.4944794314e-04  2.1901045956e-04  5.6845840270e-04
  6.200e+01    2.424e+00   2.554e+00    5.8201491202e-04 4.9608121348e-04  2.9514867231e-04  7.9122988579e-04
  6.200e+01    2.626e+00   2.767e+00    6.7803827089e-04 5.2301832630e-04  2.8508877756e-04  8.0810710386e-04
  6.200e+01    2.828e+00   2.980e+00    7.4175283578e-04 5.6305194345e-04  3.4312354593e-04  9.0617548939e-04
  6.200e+01    3.030e+00   3.193e+00    7.5372910217e-04 6.5556696686e-04  3.0275381716e-04  9.5832078402e-04
  6.200e+01    3.232e+00   3.406e+00    7.4121153886e-04 5.5191404573e-04  3.0304078560e-04  8.5495483133e-04
  6.200e+01    3.434e+00   3.618e+00    6.9932647701e-04 5.6784387063e-04  2.8242153993e-04  8.5026541057e-04
  6.200e+01    3.636e+00   3.831e+00    6.3557379290e-04 5.1800328138e-04  2.5605293818e-04  7.7405621957e-04
  6.200e+01    3.838e+00   4.044e+00    5.5792602986e-04 4.7128474665e-04  2.3495956649e-04  7.0624431314e-04
  6.200e+01    4.040e+00   4.257e+00    4.7382053004e-04 4.3591120311e-04  2.0815051693e-04  6.4406172004e-04
  6.200e+01    4.242e+00   4.470e+00    3.8956914912e-04 3.8826620549e-04  1.8454251588e-04  5.7280872137e-04
  6.200e+01    4.444e+00   4.683e+00    3.2034079335e-04 3.4878911925e-04  1.6412413817e-04  5.1291325741e-04
  6.200e+01    4.646e+00   4.895e+00    2.8176157088e-04 3.1445189128e-04  1.4222247290e-04  4.5667436417e-04
  6.200e+01    4.848e+00   5.108e+00    2.4545818262e-04 2.7425164016e-04  1.2472345184e-04  3.9897509199e-04
  6.200e+01    5.050e+00   5.321e+00    2.1205134078e-04 2.3961253238e-04  1.0893691287e-04  3.4854944524e-04
  6.200e+01    5.252e+00   5.534e+00    1.8188257452e-04 2.0795354165e-04  9.3662743551e-05  3.0161628520e-04
  6.200e+01    5.454e+00   5.747e+00    1.5507915908e-04 1.8013803182e-04  7.8839030713e-05  2.5897706254e-04
  6.200e+01    5.656e+00   5.960e+00    1.3161401371e-04 1.5183884301e-04  6.5655920581e-05  2.1749476359e-04
  6.200e+01    5.858e+00   6.172e+00    1.1135313040e-04 1.2540301965e-04  5.4879417516e-05  1.8028243716e-04

  6.400e+01    2.020e+00   2.128e+00    3.3862960270e-04 3.2561077673e-04  1.8025764883e-04  5.0586842555e-04
  6.400e+01    2.222e+00   2.341e+00    4.4263356473e-04 3.2626627432e-04  2.0263614695e-04  5.2890242126e-04
  6.400e+01    2.424e+00   2.554e+00    5.4777428597e-04 4.5018827731e-04  2.7104160202e-04  7.2122987933e-04
  6.400e+01    2.626e+00   2.767e+00    6.3275578800e-04 4.8309134005e-04  2.6380284666e-04  7.4689418671e-04
  6.400e+01    2.828e+00   2.980e+00    6.9172481978e-04 5.1575293839e-04  3.1442477293e-04  8.3017771131e-04
  6.400e+01    3.030e+00   3.193e+00    7.0928992646e-04 5.9796177457e-04  2.8124655005e-04  8.7920832462e-04
  6.400e+01    3.232e+00   3.406e+00    6.9789095753e-04 5.1043697335e-04  2.8258559462e-04  7.9302256797e-04
  6.400e+01    3.434e+00   3.618e+00    6.5880381317e-04 5.2651613068e-04  2.6348628207e-04  7.9000241275e-04
  6.400e+01    3.636e+00   3.831e+00    5.9899112190e-04 4.8065073773e-04  2.3963709545e-04  7.2028783318e-04
  6.400e+01    3.838e+00   4.044e+00    5.2591868949e-04 4.3839982974e-04  2.1955720703e-04  6.5795703677e-04
  6.400e+01    4.040e+00   4.257e+00    4.4659766953e-04 4.0502862978e-04  1.9465809958e-04  5.9968672936e-04
  6.400e+01    4.242e+00   4.470e+00    3.6701176942e-04 3.6109459216e-04  1.7264782071e-04  5.3374241287e-04
  6.400e+01    4.444e+00   4.683e+00    3.0921765812e-04 3.2428418248e-04  1.5358989583e-04  4.7787407831e-04
  6.400e+01    4.646e+00   4.895e+00    2.7138015878e-04 2.9266993381e-04  1.3327281189e-04  4.2594274569e-04
  6.400e+01    4.848e+00   5.108e+00    2.3585274576e-04 2.5548825257e-04  1.1721836164e-04  3.7270661421e-04
  6.400e+01    5.050e+00   5.321e+00    2.0322987570e-04 2.2382417517e-04  1.0271133878e-04  3.2653551395e-04
  6.400e+01    5.252e+00   5.534e+00    1.7383363865e-04 1.9489878094e-04  8.8565202596e-05  2.8346398354e-04
  6.400e+01    5.454e+00   5.747e+00    1.4777577183e-04 1.6931717926e-04  7.4864420014e-05  2.4418159927e-04
  6.400e+01    5.656e+00   5.960e+00    1.2501799139e-04 1.4329528679e-04  6.2612871124e-05  2.0590815791e-04
  6.400e+01    5.858e+00   6.172e+00    1.0541725559e-04 1.1899394574e-04  5.2469141825e-05  1.7146308756e-04

  6.600e+01    2.020e+00   2.128e+00    3.3334755168e-04 3.0311918155e-04  1.7025996968e-04  4.7337915124e-04
  6.600e+01    2.222e+00   2.341e+00    4.2112512952e-04 3.0759151323e-04  1.8987428703e-04  4.9746580026e-04
  6.600e+01    2.424e+00   2.554e+00    5.1974056148e-04 4.1324741552e-04  2.5128298338e-04  6.6453039890e-04
  6.600e+01    2.626e+00   2.767e+00    5.9954258152e-04 4.4987682531e-04  2.4640066474e-04  6.9627749004e-04
  6.600e+01    2.828e+00   2.980e+00    6.5153349179e-04 4.7724067218e-04  2.9080964758e-04  7.6805031976e-04
  6.600e+01    3.030e+00   3.193e+00    6.7170769203e-04 5.5009104205e-04  2.6349344252e-04  8.1358448457e-04
  6.600e+01    3.232e+00   3.406e+00    6.6107661021e-04 4.7589972448e-04  2.6529923478e-04  7.4119895926e-04
  6.600e+01    3.434e+00   3.618e+00    6.2425048149e-04 4.9157429061e-04  2.4762084627e-04  7.3919513688e-04
  6.600e+01    3.636e+00   3.831e+00    5.6772585759e-04 4.4906326532e-04  2.2574208683e-04  6.7480535215e-04
  6.600e+01    3.838e+00   4.044e+00    4.9852180783e-04 4.1059599688e-04  2.0656778391e-04  6.1716378079e-04
  6.600e+01    4.040e+00   4.257e+00    4.2327408249e-04 3.7875198833e-04  1.8320836008e-04  5.6196034841e-04
  6.600e+01    4.242e+00   4.470e+00    3.4767750375e-04 3.3799317491e-04  1.6255812135e-04  5.0055129626e-04
  6.600e+01    4.444e+00   4.683e+00    2.9966494692e-04 3.0340408047e-04  1.4464574182e-04  4.4804982229e-04
  6.600e+01    4.646e+00   4.895e+00    2.6246036074e-04 2.7408571427e-04  1.2568124304e-04  3.9976695731e-04
  6.600e+01    4.848e+00   5.108e+00    2.2759804845e-04 2.3945094341e-04  1.1083741438e-04  3.5028835778e-04
  6.600e+01    5.050e+00   5.321e+00    1.9565083682e-04 2.1031484042e-04  9.7418485723e-05  3.0773332614e-04
  6.600e+01    5.252e+00   5.534e+00    1.6692170764e-04 1.8373508709e-04  8.4234348656e-05  2.6796943575e-04
  6.600e+01    5.454e+00   5.747e+00    1.4150919669e-04 1.6006159113e-04  7.1500836359e-05  2.3156242749e-04
  6.600e+01    5.656e+00   5.960e+00    1.1936351861e-04 1.3600250262e-04  6.0064145700e-05  1.9606664832e-04
  6.600e+01    5.858e+00   6.172e+00    1.0033517400e-04 1.1354065260e-04  5.0487186227e-05  1.6402783882e-04

  6.800e+01    2.020e+00   2.128e+00    3.2923238603e-04 2.8477960462e-04  1.6211282623e-04  4.4689243085e-04
  6.800e+01    2.222e+00   2.341e+00    4.0382230222e-04 2.9260171120e-04  1.7992722369e-04  4.7252893489e-04
  6.800e+01    2.424e+00   2.554e+00    4.9662401436e-04 3.8344509007e-04  2.3500613527e-04  6.1845122534e-04
  6.800e+01    2.626e+00   2.767e+00    5.7173075304e-04 4.2209303899e-04  2.3205262338e-04  6.5414566237e-04
  6.800e+01    2.828e+00   2.980e+00    6.2070042667e-04 4.4571364370e-04  2.7120679803e-04  7.1692044172e-04
  6.800e+01    3.030e+00   3.193e+00    6.3969910331e-04 5.1010818494e-04  2.4853242627e-04  7.5864061121e-04
  6.800e+01    3.232e+00   3.406e+00    6.2957484509e-04 4.4693991473e-04  2.5061004299e-04  6.9754995772e-04
  6.800e+01    3.434e+00   3.618e+00    5.9458941632e-04 4.6194988765e-04  2.3412191653e-04  6.9607180418e-04
  6.800e+01    3.636e+00   3.831e+00    5.4082743416e-04 4.2219616358e-04  2.1388398545e-04  6.3608014903e-04
  6.800e+01    3.838e+00   4.044e+00    4.7491746148e-04 3.8691014587e-04  1.9552643046e-04  5.8243657633e-04
  6.800e+01    4.040e+00   4.257e+00    4.0316202299e-04 3.5627852258e-04  1.7344559901e-04  5.2972412159e-04
  6.800e+01    4.242e+00   4.470e+00    3.3100015501e-04 3.1820664775e-04  1.5395527999e-04  4.7216192774e-04
  6.800e+01    4.444e+00   4.683e+00    2.9140850005e-04 2.8554448848e-04  1.3701371024e-04  4.2255819872e-04
  6.800e+01    4.646e+00   4.895e+00    2.5474671688e-04 2.5812271900e-04  1.1921317374e-04  3.7733589273e-04
  6.800e+01    4.848e+00   5.108e+00    2.2045909990e-04 2.2567241322e-04  1.0538312378e-04  3.3105553700e-04
  6.800e+01    5.050e+00   5.321e+00    1.8909700407e-04 1.9869325429e-04  9.2884873040e-05  2.9157812733e-04
  6.800e+01    5.252e+00   5.534e+00    1.6094748997e-04 1.7413612367e-04  8.0530619112e-05  2.5466674278e-04
  6.800e+01    5.454e+00   5.747e+00    1.3609634893e-04 1.5209564467e-04  6.8633806963e-05  2.2072945163e-04
  6.800e+01    5.656e+00   5.960e+00    1.1448449028e-04 1.2973764229e-04  5.7911068154e-05  1.8764871044e-04
  6.800e+01    5.858e+00   6.172e+00    9.5955151449e-05 1.0886749685e-04  4.8844624058e-05  1.5771212090e-04

  7.000e+01    2.020e+00   2.128e+00    3.2602528240e-04 2.6973927362e-04  1.5543604028e-04  4.2517531390e-04
  7.000e+01    2.222e+00   2.341e+00    3.8982817923e-04 2.8058729645e-04  1.7196296375e-04  4.5255026020e-04
  7.000e+01    2.424e+00   2.554e+00    4.7743410613e-04 3.5923893334e-04  2.2153502237e-04  5.8077395570e-04
  7.000e+01    2.626e+00   2.767e+00    5.4828252523e-04 3.9867836570e-04  2.2016428856e-04  6.1884265426e-04
  7.000e+01    2.828e+00   2.980e+00    5.9444390590e-04 4.1955669587e-04  2.5476413062e-04  6.7432082650e-04
  7.000e+01    3.030e+00   3.193e+00    6.1225925655e-04 4.7657816103e-04  2.3585533720e-04  7.1243349823e-04
  7.000e+01    3.232e+00   3.406e+00    6.0244821754e-04 4.2245113550e-04  2.3807798182e-04  6.6052911732e-04
  7.000e+01    3.434e+00   3.618e+00    5.6896942251e-04 4.3654453923e-04  2.2258317275e-04  6.5912771197e-04
  7.000e+01    3.636e+00   3.831e+00    5.1754583001e-04 3.9925226169e-04  2.0371700723e-04  6.0296926892e-04
  7.000e+01    3.838e+00   4.044e+00    4.5445945550e-04 3.6663892413e-04  1.8609512080e-04  5.5273404493e-04
  7.000e+01    4.040e+00   4.257e+00    3.8571689411e-04 3.3697911335e-04  1.6508717055e-04  5.0206628390e-04
  7.000e+01    4.242e+00   4.470e+00    3.2196516869e-04 3.0119046755e-04  1.4659665062e-04  4.4778711817e-04
  7.000e+01    4.444e+00   4.683e+00    2.8423013115e-04 2.7019539566e-04  1.3047523124e-04  4.0067062690e-04
  7.000e+01    4.646e+00   4.895e+00    2.4803716737e-04 2.4434448801e-04  1.1367608523e-04  3.5802057325e-04
  7.000e+01    4.848e+00   5.108e+00    2.1424868946e-04 2.1377989619e-04  1.0069934406e-04  3.1447924024e-04
  7.000e+01    5.050e+00   5.321e+00    1.8339655936e-04 1.8864680172e-04  8.8978715933e-05  2.7762551765e-04
  7.000e+01    5.252e+00   5.534e+00    1.5575337037e-04 1.6584240822e-04  7.7343205516e-05  2.4318561373e-04
  7.000e+01    5.454e+00   5.747e+00    1.3139368193e-04 1.4520021013e-04  6.6173529956e-05  2.1137374009e-04
  7.000e+01    5.656e+00   5.960e+00    1.1024885102e-04 1.2432257950e-04  5.6077573485e-05  1.8040015299e-04
  7.000e+01    5.858e+00   6.172e+00    9.2157021050e-05 1.0483658579e-04  4.7469334415e-05  1.5230592020e-04

  7.200e+01    2.020e+00   2.128e+00    3.2352857149e-04 2.5735014836e-04  1.4994000139e-04  4.0729014975e-04
  7.200e+01    2.222e+00   2.341e+00    3.7845571910e-04 2.7071397520e-04  1.6553384659e-04  4.3624782179e-04
  7.200e+01    2.424e+00   2.554e+00    4.6140479268e-04 3.3940658823e-04  2.1038907223e-04  5.4979566046e-04
  7.200e+01    2.626e+00   2.767e+00    5.2838659624e-04 3.7884694290e-04  2.1027871443e-04  5.8912565733e-04
  7.200e+01    2.828e+00   2.980e+00    5.7194458649e-04 3.9766296992e-04  2.4090087988e-04  6.3856384980e-04
  7.200e+01    3.030e+00   3.193e+00    5.8859402210e-04 4.4845128027e-04  2.2507486713e-04  6.7352614740e-04
  7.200e+01    3.232e+00   3.406e+00    5.7895217756e-04 4.0164688664e-04  2.2737486731e-04  6.2902175395e-04
  7.200e+01    3.434e+00   3.618e+00    5.4671346505e-04 4.1463483458e-04  2.1269304087e-04  6.2732787545e-04
  7.200e+01    3.636e+00   3.831e+00    4.9728179248e-04 3.7953201279e-04  1.9498894459e-04  5.7452095739e-04
  7.200e+01    3.838e+00   4.044e+00    4.3663044971e-04 3.4916228731e-04  1.7798010372e-04  5.2714239102e-04
  7.200e+01    4.040e+00   4.257e+00    3.7050219182e-04 3.2036582076e-04  1.5791680942e-04  4.7828263018e-04
  7.200e+01    4.242e+00   4.470e+00    3.1533056121e-04 2.8650962854e-04  1.4027686406e-04  4.2678649261e-04
  7.200e+01    4.444e+00   4.683e+00    2.7795448381e-04 2.5691966836e-04  1.2486194118e-04  3.8178160954e-04
  7.200e+01    4.646e+00   4.895e+00    2.4216937479e-04 2.3239544557e-04  1.0892220363e-04  3.4131764920e-04
  7.200e+01    4.848e+00   5.108e+00    2.0881634798e-04 2.0347442639e-04  9.6662327314e-05  3.0013675370e-04
  7.200e+01    5.050e+00   5.321e+00    1.7841099260e-04 1.7991751682e-04  8.5595441882e-05  2.6551295870e-04
  7.200e+01    5.252e+00   5.534e+00    1.5121282451e-04 1.5863981463e-04  7.4584325468e-05  2.3322414009e-04
  7.200e+01    5.454e+00   5.747e+00    1.2728468275e-04 1.3919975495e-04  6.4049273892e-05  2.0324902884e-04
  7.200e+01    5.656e+00   5.960e+00    1.0655143996e-04 1.1961467252e-04  5.4504846968e-05  1.7411951949e-04
  7.200e+01    5.858e+00   6.172e+00    8.8844688226e-05 1.0133859721e-04  4.6307868106e-05  1.4764646532e-04

  7.400e+01    2.020e+00   2.128e+00    3.2158955039e-04 2.4711766328e-04  1.4539557520e-04  3.9251323848e-04
  7.400e+01    2.222e+00   2.341e+00    3.7270601087e-04 2.6263307594e-04  1.6032163765e-04  4.2295471359e-04
  7.400e+01    2.424e+00   2.554e+00    4.4793815636e-04 3.2312681808e-04  2.0126678686e-04  5.2439360494e-04
  7.400e+01    2.626e+00   2.767e+00    5.1140510383e-04 3.6198513373e-04  2.0204539759e-04  5.6403053132e-04
  7.400e+01    2.828e+00   2.980e+00    5.5255403953e-04 3.7926131889e-04  2.2916779983e-04  6.0842911873e-04
  7.400e+01    3.030e+00   3.193e+00    5.6807003412e-04 4.2465710547e-04  2.1588970023e-04  6.4054680569e-04
  7.400e+01    3.232e+00   3.406e+00    5.5848985256e-04 3.8394952835e-04  2.1826488433e-04  6.0221441267e-04
  7.400e+01    3.434e+00   3.618e+00    5.2727788351e-04 3.9567533051e-04  2.0418925558e-04  5.9986458609e-04
  7.400e+01    3.636e+00   3.831e+00    4.7955354050e-04 3.6252254696e-04  1.8743378186e-04  5.4995632882e-04
  7.400e+01    3.838e+00   4.044e+00    4.2101329879e-04 3.3401259263e-04  1.7099023457e-04  5.0500282721e-04
  7.400e+01    4.040e+00   4.257e+00    3.5716506894e-04 3.0605741399e-04  1.5174124887e-04  4.5779866286e-04
  7.400e+01    4.242e+00   4.470e+00    3.0950537920e-04 2.7378945210e-04  1.3483546788e-04  4.0862491998e-04
  7.400e+01    4.444e+00   4.683e+00    2.7244078519e-04 2.4540696051e-04  1.2003278624e-04  3.6543974675e-04
  7.400e+01    4.646e+00   4.895e+00    2.3701194845e-04 2.2199095242e-04  1.0483443179e-04  3.2682538420e-04
  7.400e+01    4.848e+00   5.108e+00    2.0404063033e-04 1.9451439102e-04  9.3176475012e-05  2.8769086603e-04
  7.400e+01    5.050e+00   5.321e+00    1.7402912604e-04 1.7230157653e-04  8.2650912404e-05  2.5495248893e-04
  7.400e+01    5.252e+00   5.534e+00    1.4722317858e-04 1.5235370556e-04  7.2184186574e-05  2.2453789214e-04
  7.400e+01    5.454e+00   5.747e+00    1.2367686899e-04 1.3395246576e-04  6.2204993347e-05  1.9615745911e-04
  7.400e+01    5.656e+00   5.960e+00    1.0330719000e-04 1.1550018976e-04  5.3146689869e-05  1.6864687962e-04
  7.400e+01    5.858e+00   6.172e+00    8.5940917833e-05 9.8286057005e-05  4.5321054651e-05  1.4360711166e-04

  7.600e+01    2.020e+00   2.128e+00    3.2009068922e-04 2.3866401392e-04  1.4163266036e-04  3.8029667428e-04
  7.600e+01    2.222e+00   2.341e+00    3.7053125099e-04 2.5596642426e-04  1.5610015164e-04  4.1206657590e-04
  7.600e+01    2.424e+00   2.554e+00    4.3656391981e-04 3.0977948408e-04  1.9355624159e-04  5.0333572567e-04
  7.600e+01    2.626e+00   2.767e+00    4.9683137899e-04 3.4760720932e-04  1.9520571817e-04  5.4281292748e-04
  7.600e+01    2.828e+00   2.980e+00    5.3575369399e-04 3.6376172193e-04  2.1921678487e-04  5.8297850679e-04
  7.600e+01    3.030e+00   3.193e+00    5.5017875528e-04 4.0454599053e-04  2.0806570790e-04  6.1261169844e-04
  7.600e+01    3.232e+00   3.406e+00    5.4058152161e-04 3.6896930931e-04  2.1034001399e-04  5.7930932330e-04
  7.600e+01    3.434e+00   3.618e+00    5.1022263558e-04 3.7919384096e-04  1.9679749518e-04  5.7599133614e-04
  7.600e+01    3.636e+00   3.831e+00    4.6396864362e-04 3.4784807677e-04  1.8085417881e-04  5.2870225558e-04
  7.600e+01    3.838e+00   4.044e+00    4.0726855335e-04 3.2085604384e-04  1.6495068085e-04  4.8580672470e-04
  7.600e+01    4.040e+00   4.257e+00    3.4541948806e-04 2.9365352021e-04  1.4639224868e-04  4.4004576889e-04
  7.600e+01    4.242e+00   4.470e+00    3.0436715324e-04 2.6272547033e-04  1.3016117319e-04  3.9288664352e-04
  7.600e+01    4.444e+00   4.683e+00    2.6757393960e-04 2.3539237932e-04  1.1583314026e-04  3.5122551959e-04
  7.600e+01    4.646e+00   4.895e+00    2.3245737033e-04 2.1290295024e-04  1.0130734961e-04  3.1421029985e-04
  7.600e+01    4.848e+00   5.108e+00    1.9982358728e-04 1.8670684784e-04  9.0164335298e-05  2.7687118314e-04
  7.600e+01    5.050e+00   5.321e+00    1.7015994439e-04 1.6563261835e-04  8.0076824730e-05  2.4570944308e-04
  7.600e+01    5.252e+00   5.534e+00    1.4370150114e-04 1.4684329092e-04  7.0085340123e-05  2.1692863104e-04
  7.600e+01    5.454e+00   5.747e+00    1.2049335137e-04 1.2934299660e-04  6.0595023893e-05  1.8993802049e-04
  7.600e+01    5.656e+00   5.960e+00    1.0044660101e-04 1.1188696354e-04  5.1966638488e-05  1.6385360203e-04
  7.600e+01    5.858e+00   6.172e+00    8.3383084896e-05 9.5608496073e-05  4.4475021738e-05  1.4008351781e-04

  7.800e+01    2.020e+00   2.128e+00    3.1893983629e-04 2.3170983814e-04  1.3852272686e-04  3.7023256500e-04
  7.800e+01    2.222e+00   2.341e+00    3.6877232922e-04 2.5044308223e-04  1.5271864832e-04  4.0316173055e-04
  7.800e+01    2.424e+00   2.554e+00    4.2691002878e-04 2.9899856642e-04  1.8698387377e-04  4.8598244019e-04
  7.800e+01    2.626e+00   2.767e+00    4.8426114853e-04 3.3533569690e-04  1.8963846283e-04  5.2497415973e-04
  7.800e+01    2.828e+00   2.980e+00    5.2112561612e-04 3.5065560637e-04  2.1078690180e-04  5.6144250816e-04
  7.800e+01    3.030e+00   3.193e+00    5.3450881634e-04 3.8746398780e-04  2.0147431274e-04  5.8893830054e-04
  7.800e+01    3.232e+00   3.406e+00    5.2483627897e-04 3.5614201454e-04  2.0341191749e-04  5.5955393203e-04
  7.800e+01    3.434e+00   3.618e+00    4.9518935316e-04 3.6480886427e-04  1.9034169773e-04  5.5515056200e-04
  7.800e+01    3.636e+00   3.831e+00    4.5020785133e-04 3.3524104432e-04  1.7510812374e-04  5.1034916806e-04
  7.800e+01    3.838e+00   4.044e+00    3.9511930831e-04 3.0945533328e-04  1.5969088562e-04  4.6914621890e-04
  7.800e+01    4.040e+00   4.257e+00    3.3691695838e-04 2.8282954662e-04  1.4174722520e-04  4.2457677182e-04
  7.800e+01    4.242e+00   4.470e+00    2.9981513351e-04 2.5304764136e-04  1.2611340032e-04  3.7916104168e-04
  7.800e+01    4.444e+00   4.683e+00    2.6325894399e-04 2.2665778695e-04  1.1216939447e-04  3.3882718142e-04
  7.800e+01    4.646e+00   4.895e+00    2.2841781987e-04 2.0494175248e-04  9.8261317099e-05  3.0320306958e-04
  7.800e+01    4.848e+00   5.108e+00    1.9608259635e-04 1.7988603669e-04  8.7544389330e-05  2.6743042602e-04
  7.800e+01    5.050e+00   5.321e+00    1.6672833187e-04 1.5977425895e-04  7.7817616952e-05  2.3759187590e-04
  7.800e+01    5.252e+00   5.534e+00    1.4057909988e-04 1.4199797432e-04  6.8241648572e-05  2.1023962289e-04
  7.800e+01    5.454e+00   5.747e+00    1.1767268321e-04 1.2527697719e-04  5.9182488959e-05  1.8445946615e-04
  7.800e+01    5.656e+00   5.960e+00    9.7913433688e-05 1.0869969257e-04  5.0935574907e-05  1.5963526748e-04
  7.800e+01    5.858e+00   6.172e+00    8.1119733651e-05 9.3248778350e-05  4.3744764205e-05  1.3699354256e-04
  Took 13265.528431 seconds
