  r_x          E_1         E_2          E_PEAK(eV)       E_e1(eV)          E_e2(eV)          E_tot(eV)

  4.000e+01    2.020e+00   2.128e+00    1.7055908067e-03 3.8289093199e-03  1.8932579866e-03  5.7221673065e-03
  4.000e+01    2.222e+00   2.341e+00    1.5053678241e-03 2.7511595021e-03  2.0077069137e-03  4.7588664158e-03
  4.000e+01    2.424e+00   2.554e+00    2.5564853650e-03 4.5643023753e-03  3.8281333631e-03  8.3924357384e-03
  4.000e+01    2.626e+00   2.767e+00    2.2219465216e-03 5.6353830990e-03  2.5537604277e-03  8.1891435267e-03
  4.000e+01    2.828e+00   2.980e+00    2.4553658973e-03 4.7674900586e-03  4.7819787661e-03  9.5494688247e-03
  4.000e+01    3.030e+00   3.193e+00    3.1175689043e-03 8.7876977284e-03  2.4522378567e-03  1.1239935585e-02
  4.000e+01    3.232e+00   3.406e+00    2.4346671671e-03 4.3079788192e-03  3.8362067742e-03  8.1441855935e-03
  4.000e+01    3.434e+00   3.618e+00    2.6163734058e-03 7.9660571278e-03  2.5006302346e-03  1.0466687362e-02
  4.000e+01    3.636e+00   3.831e+00    1.9689162861e-03 4.7333713840e-03  1.6579318759e-03  6.3913032599e-03
  4.000e+01    3.838e+00   4.044e+00    1.7633927340e-03 3.0315621444e-03  1.5274391280e-03  4.5590012723e-03
  4.000e+01    4.040e+00   4.257e+00    1.5409952391e-03 2.8281927359e-03  1.2412907161e-03  4.0694834520e-03
  4.000e+01    4.242e+00   4.470e+00    1.3148503826e-03 2.3050667429e-03  1.0922203006e-03  3.3972870434e-03
  4.000e+01    4.444e+00   4.683e+00    1.0960481270e-03 2.0413673849e-03  9.5178729533e-04  2.9931546803e-03
  4.000e+01    4.646e+00   4.895e+00    8.9404957629e-04 1.7682207861e-03  8.2134898422e-04  2.5895697704e-03
  4.000e+01    4.848e+00   5.108e+00    7.1488845186e-04 1.5406132932e-03  7.3102017447e-04  2.2716334677e-03
  4.000e+01    5.050e+00   5.321e+00    5.6153583658e-04 1.3328665450e-03  6.4412947912e-04  1.9769960241e-03
  4.000e+01    5.252e+00   5.534e+00    4.3456832268e-04 1.1662556498e-03  5.6587904148e-04  1.7321346913e-03
  4.000e+01    5.454e+00   5.747e+00    3.8119389696e-04 9.8779130879e-04  5.0336100364e-04  1.4911523124e-03
  4.000e+01    5.656e+00   5.960e+00    3.4021394654e-04 8.7706685159e-04  4.4651431886e-04  1.3235811705e-03
  4.000e+01    5.858e+00   6.172e+00    3.0311397014e-04 7.7313176766e-04  4.0453168096e-04  1.1776634486e-03

  4.200e+01    2.020e+00   2.128e+00    1.2757736718e-03 2.9324484540e-03  1.4696587029e-03  4.4021071569e-03
  4.200e+01    2.222e+00   2.341e+00    1.1570393377e-03 2.0948707163e-03  1.5073735307e-03  3.6022442470e-03
  4.200e+01    2.424e+00   2.554e+00    1.9164908347e-03 3.4934420531e-03  2.9831255283e-03  6.4765675814e-03
  4.200e+01    2.626e+00   2.767e+00    1.7341511491e-03 4.4116623590e-03  1.9582458856e-03  6.3699082446e-03
  4.200e+01    2.828e+00   2.980e+00    1.9629460610e-03 3.6965229021e-03  3.7652911148e-03  7.4618140169e-03
  4.200e+01    3.030e+00   3.193e+00    2.4325027696e-03 7.0783464421e-03  1.9517694286e-03  9.0301158707e-03
  4.200e+01    3.232e+00   3.406e+00    1.9957237703e-03 3.4143114246e-03  2.9995940774e-03  6.4139055021e-03
  4.200e+01    3.434e+00   3.618e+00    2.0251999977e-03 6.3919012620e-03  1.9847931963e-03  8.3766944583e-03
  4.200e+01    3.636e+00   3.831e+00    1.6293097924e-03 3.7239555564e-03  1.3080275955e-03  5.0319831519e-03
  4.200e+01    3.838e+00   4.044e+00    1.4613188260e-03 2.4116214009e-03  1.2084057484e-03  3.6200271493e-03
  4.200e+01    4.040e+00   4.257e+00    1.2801702256e-03 2.2492339630e-03  9.8365760299e-04  3.2328915660e-03
  4.200e+01    4.242e+00   4.470e+00    1.0925095549e-03 1.8434946782e-03  8.6770912808e-04  2.7112038063e-03
  4.200e+01    4.444e+00   4.683e+00    9.0947138599e-04 1.6370506533e-03  7.5461598954e-04  2.3916666429e-03
  4.200e+01    4.646e+00   4.895e+00    7.3974445859e-04 1.4173782017e-03  6.5066898797e-04  2.0680471897e-03
  4.200e+01    4.848e+00   5.108e+00    5.8887933302e-04 1.2319142003e-03  5.7821268599e-04  1.8101268863e-03
  4.200e+01    5.050e+00   5.321e+00    4.5967964244e-04 1.0673660494e-03  5.0833724366e-04  1.5757032931e-03
  4.200e+01    5.252e+00   5.534e+00    3.6336401003e-04 9.2946910570e-04  4.4452632803e-04  1.3739954337e-03
  4.200e+01    5.454e+00   5.747e+00    3.2344782829e-04 7.8662792960e-04  3.9340514966e-04  1.1800330793e-03
  4.200e+01    5.656e+00   5.960e+00    2.8702589454e-04 6.9230385884e-04  3.4664779614e-04  1.0389516550e-03
  4.200e+01    5.858e+00   6.172e+00    2.5419749326e-04 6.0557161124e-04  3.1242497759e-04  9.1799658884e-04

  4.400e+01    2.020e+00   2.128e+00    9.6385550837e-04 2.2591846919e-03  1.1511534389e-03  3.4103381308e-03
  4.400e+01    2.222e+00   2.341e+00    9.1351835509e-04 1.6279400046e-03  1.1514521475e-03  2.7793921521e-03
  4.400e+01    2.424e+00   2.554e+00    1.4489045468e-03 2.7009235123e-03  2.3443623156e-03  5.0452858279e-03
  4.400e+01    2.626e+00   2.767e+00    1.4108573599e-03 3.4923948073e-03  1.5247385322e-03  5.0171333394e-03
  4.400e+01    2.828e+00   2.980e+00    1.6027799739e-03 2.8944605453e-03  2.9821340141e-03  5.8765945594e-03
  4.400e+01    3.030e+00   3.193e+00    1.9227550866e-03 5.7277973156e-03  1.5728264319e-03  7.3006237475e-03
  4.400e+01    3.232e+00   3.406e+00    1.6668649504e-03 2.7337444664e-03  2.3681254984e-03  5.1018699648e-03
  4.400e+01    3.434e+00   3.618e+00    1.5885049689e-03 5.1523106416e-03  1.5945131422e-03  6.7468237837e-03
  4.400e+01    3.636e+00   3.831e+00    1.3752160409e-03 2.9701674774e-03  1.0488797155e-03  4.0190471929e-03
  4.400e+01    3.838e+00   4.044e+00    1.2355854405e-03 1.9511097604e-03  9.7290217123e-04  2.9240119316e-03
  4.400e+01    4.040e+00   4.257e+00    1.0842016759e-03 1.8200953425e-03  7.9392981929e-04  2.6140251618e-03
  4.400e+01    4.242e+00   4.470e+00    9.2501717048e-04 1.5012252715e-03  7.0252481098e-04  2.2037500825e-03
  4.400e+01    4.444e+00   4.683e+00    7.6876000897e-04 1.3363252575e-03  6.0970994580e-04  1.9460352033e-03
  4.400e+01    4.646e+00   4.895e+00    6.2338251661e-04 1.1568318866e-03  5.2537427196e-04  1.6822061585e-03
  4.400e+01    4.848e+00   5.108e+00    4.9397850683e-04 1.0037181651e-03  4.6611991947e-04  1.4698380846e-03
  4.400e+01    5.050e+00   5.321e+00    3.8316624867e-04 8.7109664181e-04  4.0896268326e-04  1.2800593251e-03
  4.400e+01    5.252e+00   5.534e+00    3.1634929508e-04 7.5594476960e-04  3.5612235766e-04  1.1120671273e-03
  4.400e+01    5.454e+00   5.747e+00    2.8007530710e-04 6.3935563864e-04  3.1367769032e-04  9.5303332896e-04
  4.400e+01    5.656e+00   5.960e+00    2.4711690085e-04 5.5770308485e-04  2.7454342577e-04  8.3224651062e-04
  4.400e+01    5.858e+00   6.172e+00    2.1754737706e-04 4.8422706482e-04  2.4618693878e-04  7.3041400360e-04

  4.600e+01    2.020e+00   2.128e+00    7.3652006702e-04 1.7611989989e-03  9.1492689684e-04  2.6761258958e-03
  4.600e+01    2.222e+00   2.341e+00    7.4134493655e-04 1.2908355873e-03  8.9532751073e-04  2.1861630981e-03
  4.600e+01    2.424e+00   2.554e+00    1.1053783807e-03 2.1121014842e-03  1.8604026888e-03  3.9725041730e-03
  4.600e+01    2.626e+00   2.767e+00    1.1602053416e-03 2.7977867799e-03  1.2055254057e-03  4.0033121856e-03
  4.600e+01    2.828e+00   2.980e+00    1.3355475887e-03 2.2918924545e-03  2.3795601711e-03  4.6714526256e-03
  4.600e+01    3.030e+00   3.193e+00    1.5396236335e-03 4.6596998696e-03  1.2823687023e-03  5.9420685719e-03
  4.600e+01    3.232e+00   3.406e+00    1.4165312411e-03 2.2145473846e-03  1.8891689430e-03  4.1037163276e-03
  4.600e+01    3.434e+00   3.618e+00    1.3125767001e-03 4.1761216856e-03  1.2959195401e-03  5.4720412257e-03
  4.600e+01    3.636e+00   3.831e+00    1.1818582548e-03 2.4020042674e-03  8.5480242851e-04  3.2568066959e-03
  4.600e+01    3.838e+00   4.044e+00    1.0637932792e-03 1.6041957508e-03  7.9656649783e-04  2.4007622487e-03
  4.600e+01    4.040e+00   4.257e+00    9.3431823869e-04 1.4972224303e-03  6.5210352814e-04  2.1493259585e-03
  4.600e+01    4.242e+00   4.470e+00    7.9660799310e-04 1.2431543060e-03  5.7893983012e-04  1.8220941361e-03
  4.600e+01    4.444e+00   4.683e+00    6.6077880281e-04 1.1088720901e-03  5.0149445458e-04  1.6103665447e-03
  4.600e+01    4.646e+00   4.895e+00    5.3410612493e-04 9.6012421254e-04  4.3190368703e-04  1.3920278996e-03
  4.600e+01    4.848e+00   5.108e+00    4.2126575308e-04 8.3204453037e-04  3.8258628058e-04  1.2146308109e-03
  4.600e+01    5.050e+00   5.321e+00    3.2469622289e-04 7.2333767413e-04  3.3510961769e-04  1.0584472918e-03
  4.600e+01    5.252e+00   5.534e+00    2.8035520278e-04 6.2676097646e-04  2.9073076845e-04  9.1749174492e-04
  4.600e+01    5.454e+00   5.747e+00    2.4688585852e-04 5.2950106275e-04  2.5498133562e-04  7.8448239836e-04
  4.600e+01    5.656e+00   5.960e+00    2.1660887760e-04 4.5803941734e-04  2.2171866755e-04  6.7975808489e-04
  4.600e+01    5.858e+00   6.172e+00    1.8957303827e-04 3.9494134428e-04  1.9784493807e-04  5.9278628235e-04

  4.800e+01    2.020e+00   2.128e+00    5.6927212668e-04 1.3917422579e-03  7.3860709510e-04  2.1303493530e-03
  4.800e+01    2.222e+00   2.341e+00    6.1843716081e-04 1.0441748289e-03  7.0892963864e-04  1.7531044676e-03
  4.800e+01    2.424e+00   2.554e+00    8.5128082691e-04 1.6723846598e-03  1.4921121021e-03  3.1644967619e-03
  4.800e+01    2.626e+00   2.767e+00    9.7471283419e-04 2.2691921334e-03  9.6771384510e-04  3.2369059785e-03
  4.800e+01    2.828e+00   2.980e+00    1.1345722251e-03 1.8374880484e-03  1.9153297991e-03  3.7528178475e-03
  4.800e+01    3.030e+00   3.193e+00    1.2485402055e-03 3.8140866206e-03  1.0575943056e-03  4.8716809262e-03
  4.800e+01    3.232e+00   3.406e+00    1.2233688803e-03 1.8166233209e-03  1.5239531864e-03  3.3405765073e-03
  4.800e+01    3.434e+00   3.618e+00    1.1426163909e-03 3.4073138239e-03  1.0654757857e-03  4.4727896096e-03
  4.800e+01    3.636e+00   3.831e+00    1.0324303147e-03 1.9693758042e-03  7.0778529156e-04  2.6771610957e-03
  4.800e+01    3.838e+00   4.044e+00    9.3084196716e-04 1.3392302249e-03  6.6275713047e-04  2.0019873553e-03
  4.800e+01    4.040e+00   4.257e+00    8.1780443640e-04 1.2507973732e-03  5.4454524441e-04  1.7953426176e-03
  4.800e+01    4.242e+00   4.470e+00    6.9657791773e-04 1.0455403509e-03  4.8506104789e-04  1.5306013988e-03
  4.800e+01    4.444e+00   4.683e+00    5.7659456015e-04 9.3421771728e-04  4.1949345141e-04  1.3537111687e-03
  4.800e+01    4.646e+00   4.895e+00    4.6452371478e-04 8.0933505543e-04  3.6144464905e-04  1.1707797045e-03
  4.800e+01    4.848e+00   5.108e+00    3.6467202872e-04 7.0080739074e-04  3.1942625465e-04  1.0202336454e-03
  4.800e+01    5.050e+00   5.321e+00    2.8654248412e-04 6.1025822646e-04  2.7946903203e-04  8.8972725848e-04
  4.800e+01    5.252e+00   5.534e+00    2.5232870883e-04 5.2847533171e-04  2.4165700153e-04  7.7013233324e-04
  4.800e+01    5.454e+00   5.747e+00    2.2105586826e-04 4.4615515056e-04  2.1115689605e-04  6.5731204661e-04
  4.800e+01    5.656e+00   5.960e+00    1.9289109996e-04 3.8365183421e-04  1.8253608884e-04  5.6618792305e-04
  4.800e+01    5.858e+00   6.172e+00    1.6785741754e-04 3.2827169089e-04  1.6209260459e-04  4.9036429548e-04

  5.000e+01    2.020e+00   2.128e+00    4.4510003440e-04 1.1153355438e-03  6.0550447555e-04  1.7208400194e-03
  5.000e+01    2.222e+00   2.341e+00    5.2998568354e-04 8.6153150857e-04  5.7186855273e-04  1.4334000613e-03
  5.000e+01    2.424e+00   2.554e+00    6.8228221509e-04 1.3421666180e-03  1.2102758452e-03  2.5524424631e-03
  5.000e+01    2.626e+00   2.767e+00    8.3582046901e-04 1.8637646072e-03  7.8883500488e-04  2.6525996121e-03
  5.000e+01    2.828e+00   2.980e+00    9.8148966622e-04 1.4935187811e-03  1.5565241678e-03  3.0500429489e-03
  5.000e+01    3.030e+00   3.193e+00    1.0632914621e-03 3.1436991406e-03  8.8217746464e-04  4.0258766052e-03
  5.000e+01    3.232e+00   3.406e+00    1.0724917252e-03 1.5099598709e-03  1.2436250040e-03  2.7535848749e-03
  5.000e+01    3.434e+00   3.618e+00    1.0088785660e-03 2.8013495796e-03  8.8621625464e-04  3.6875658342e-03
  5.000e+01    3.636e+00   3.831e+00    9.1530932688e-04 1.6363296202e-03  5.9514310871e-04  2.2314727289e-03
  5.000e+01    3.838e+00   4.044e+00    8.2636260611e-04 1.1342086814e-03  5.5991676585e-04  1.6941254473e-03
  5.000e+01    4.040e+00   4.257e+00    7.2588176666e-04 1.0602392280e-03  4.6193387635e-04  1.5221731044e-03
  5.000e+01    4.242e+00   4.470e+00    6.1751319357e-04 8.9205322167e-04  4.1278308034e-04  1.3048363020e-03
  5.000e+01    4.444e+00   4.683e+00    5.1000663018e-04 7.9831256328e-04  3.5648100785e-04  1.1547935711e-03
  5.000e+01    4.646e+00   4.895e+00    4.0950544568e-04 6.9207857942e-04  3.0741253048e-04  9.9949110990e-04
  5.000e+01    4.848e+00   5.108e+00    3.1998893846e-04 5.9900808048e-04  2.7103437980e-04  8.7004246027e-04
  5.000e+01    5.050e+00   5.321e+00    2.6260642997e-04 5.2249777737e-04  2.3693610264e-04  7.5943388001e-04
  5.000e+01    5.252e+00   5.534e+00    2.3017065942e-04 4.5247918440e-04  2.0436024275e-04  6.5683942715e-04
  5.000e+01    5.454e+00   5.747e+00    2.0064457860e-04 3.8203314627e-04  1.7801317370e-04  5.6004631997e-04
  5.000e+01    5.656e+00   5.960e+00    1.7416721521e-04 3.2705000938e-04  1.5312107290e-04  4.8017108228e-04
  5.000e+01    5.858e+00   6.172e+00    1.5073964562e-04 2.7788703712e-04  1.3532944583e-04  4.1321648295e-04

  5.200e+01    2.020e+00   2.128e+00    3.5210205176e-04 9.0686217685e-04  5.0407868825e-04  1.4109408651e-03
  5.200e+01    2.222e+00   2.341e+00    4.6591506819e-04 7.2488588417e-04  4.7021958870e-04  1.1951054729e-03
  5.200e+01    2.424e+00   2.554e+00    6.0344889805e-04 1.0927212008e-03  9.9322904778e-04  2.0859502486e-03
  5.200e+01    2.626e+00   2.767e+00    7.3067698120e-04 1.5502206128e-03  6.5307338519e-04  2.2032939980e-03
  5.200e+01    2.828e+00   2.980e+00    8.6348180089e-04 1.2312658339e-03  1.2778369899e-03  2.5091028238e-03
  5.200e+01    3.030e+00   3.193e+00    9.4099492665e-04 2.6111886126e-03  7.4444064036e-04  3.3556292529e-03
  5.200e+01    3.232e+00   3.406e+00    9.5328576683e-04 1.2721172947e-03  1.0269532373e-03  2.2990705321e-03
  5.200e+01    3.434e+00   3.618e+00    9.0228631653e-04 2.3225236753e-03  7.4576293614e-04  3.0682866114e-03
  5.200e+01    3.636e+00   3.831e+00    8.2229969841e-04 1.3772342976e-03  5.0789845045e-04  1.8851327480e-03
  5.200e+01    3.838e+00   4.044e+00    7.4310995549e-04 9.7360431655e-04  4.7996739251e-04  1.4535717091e-03
  5.200e+01    4.040e+00   4.257e+00    6.5237782922e-04 9.1107445699e-04  3.9784853734e-04  1.3089229943e-03
  5.200e+01    4.242e+00   4.470e+00    5.5418235323e-04 7.7129121589e-04  3.5637826977e-04  1.1276694857e-03
  5.200e+01    4.444e+00   4.683e+00    4.5663967442e-04 6.9116627196e-04  3.0753715865e-04  9.9870343062e-04
  5.200e+01    4.646e+00   4.895e+00    3.6542959439e-04 5.9976264283e-04  2.6539721859e-04  8.6515986142e-04
  5.200e+01    4.848e+00   5.108e+00    2.8424457554e-04 5.1898273983e-04  2.3348670948e-04  7.5246944931e-04
  5.200e+01    5.050e+00   5.321e+00    2.4341987363e-04 4.5355695255e-04  2.0400887805e-04  6.5756583060e-04
  5.200e+01    5.252e+00   5.534e+00    2.1240733634e-04 3.9288933349e-04  1.7574324265e-04  5.6863257615e-04
  5.200e+01    5.454e+00   5.747e+00    1.8428980760e-04 3.3202511430e-04  1.5263772321e-04  4.8466283751e-04
  5.200e+01    5.656e+00   5.960e+00    1.5917927877e-04 2.8329038491e-04  1.3077690153e-04  4.1406728644e-04
  5.200e+01    5.858e+00   6.172e+00    1.3705714788e-04 2.3944482225e-04  1.1506783994e-04  3.5451266219e-04

  5.400e+01    2.020e+00   2.128e+00    3.0817422233e-04 7.4843032261e-04  4.2616538872e-04  1.1745957113e-03
  5.400e+01    2.222e+00   2.341e+00    4.1927831494e-04 6.2229704377e-04  3.9435990014e-04  1.0166569439e-03
  5.400e+01    2.424e+00   2.554e+00    5.4436885413e-04 9.0316614135e-04  8.2495947361e-04  1.7281256150e-03
  5.400e+01    2.626e+00   2.767e+00    6.5861044750e-04 1.3056954748e-03  5.4910767280e-04  1.8548031476e-03
  5.400e+01    2.828e+00   2.980e+00    7.7148469934e-04 1.0299491817e-03  1.0601499407e-03  2.0900991223e-03
  5.400e+01    3.030e+00   3.193e+00    8.4425764232e-04 2.1871704969e-03  6.3574854003e-04  2.8229190369e-03
  5.400e+01    3.232e+00   3.406e+00    8.5806604354e-04 1.0865931954e-03  8.5833957240e-04  1.9449327678e-03
  5.400e+01    3.434e+00   3.618e+00    8.1632933563e-04 1.9427763196e-03  6.3493891649e-04  2.5777152361e-03
  5.400e+01    3.636e+00   3.831e+00    7.4753926486e-04 1.1736437663e-03  4.4011202164e-04  1.6137557879e-03
  5.400e+01    3.838e+00   4.044e+00    6.7592471915e-04 8.4633078184e-04  4.1706565739e-04  1.2633964392e-03
  5.400e+01    4.040e+00   4.257e+00    5.9287570646e-04 7.9294453041e-04  3.4748042018e-04  1.1404249506e-03
  5.400e+01    4.242e+00   4.470e+00    5.0283780063e-04 6.7512831055e-04  3.1183014296e-04  9.8695845351e-04
  5.400e+01    4.444e+00   4.683e+00    4.1335144597e-04 6.0569839316e-04  2.6909234283e-04  8.7479073599e-04
  5.400e+01    4.646e+00   4.895e+00    3.2969360342e-04 5.2624804008e-04  2.3232432723e-04  7.5857236731e-04
  5.400e+01    4.848e+00   5.108e+00    2.6033768755e-04 4.5534591491e-04  2.0401470200e-04  6.5936061690e-04
  5.400e+01    5.050e+00   5.321e+00    2.2784663700e-04 3.9869328857e-04  1.7822572344e-04  5.7691901201e-04
  5.400e+01    5.252e+00   5.534e+00    1.9798739798e-04 3.4557829233e-04  1.5348816268e-04  4.9906645501e-04
  5.400e+01    5.454e+00   5.747e+00    1.7101930559e-04 2.9249282568e-04  1.3298601842e-04  4.2547884410e-04
  5.400e+01    5.656e+00   5.960e+00    1.4702932962e-04 2.4900985897e-04  1.1361796790e-04  3.6262782687e-04
  5.400e+01    5.858e+00   6.172e+00    1.2598124168e-04 2.0963575136e-04  9.9565304905e-05  3.0920105627e-04

  5.600e+01    2.020e+00   2.128e+00    3.0003843388e-04 6.2730557281e-04  3.6584209346e-04  9.9314766627e-04
  5.600e+01    2.222e+00   2.341e+00    3.8522642411e-04 5.4400969284e-04  3.3702369196e-04  8.8103338480e-04
  5.600e+01    2.424e+00   2.554e+00    4.9974458200e-04 7.5835148061e-04  6.9364717951e-04  1.4519986601e-03
  5.600e+01    2.626e+00   2.767e+00    6.0451034999e-04 1.1132931112e-03  4.6883233361e-04  1.5821254449e-03
  5.600e+01    2.828e+00   2.980e+00    6.9900772320e-04 8.7444027708e-04  8.8906789086e-04  1.7635081679e-03
  5.600e+01    3.030e+00   3.193e+00    7.6689818521e-04 1.8480379058e-03  5.4920278710e-04  2.3972406929e-03
  5.600e+01    3.232e+00   3.406e+00    7.8120821708e-04 9.4039374317e-04  7.2618222288e-04  1.6665759661e-03
  5.600e+01    3.434e+00   3.618e+00    7.4626547728e-04 1.6403648154e-03  5.4689642476e-04  2.1872612401e-03
  5.600e+01    3.636e+00   3.831e+00    6.8676779408e-04 1.0121975859e-03  3.8671024937e-04  1.3989078352e-03
  5.600e+01    3.838e+00   4.044e+00    6.2107774135e-04 7.4438782966e-04  3.6702139032e-04  1.1114092200e-03
  5.600e+01    4.040e+00   4.257e+00    5.4416357950e-04 6.9828738195e-04  3.0742624122e-04  1.0057136232e-03
  5.600e+01    4.242e+00   4.470e+00    4.6074703505e-04 5.9772212170e-04  2.7627648356e-04  8.7399860526e-04
  5.600e+01    4.444e+00   4.683e+00    3.7785072492e-04 5.3679118163e-04  2.3851304460e-04  7.7530422623e-04
  5.600e+01    4.646e+00   4.895e+00    3.0040092696e-04 4.6704896173e-04  2.0601814522e-04  6.7306710696e-04
  5.600e+01    4.848e+00   5.108e+00    2.4663709207e-04 4.0422788553e-04  1.8067505785e-04  5.8490294338e-04
  5.600e+01    5.050e+00   5.321e+00    2.1506193021e-04 3.5453744330e-04  1.5783036224e-04  5.1236780554e-04
  5.600e+01    5.252e+00   5.534e+00    1.8614848245e-04 3.0758007151e-04  1.3597729057e-04  4.4355736208e-04
  5.600e+01    5.454e+00   5.747e+00    1.6012826621e-04 2.6088528732e-04  1.1760378584e-04  3.7848907316e-04
  5.600e+01    5.656e+00   5.960e+00    1.3706687302e-04 2.2182865838e-04  1.0029757571e-04  3.2212623408e-04
  5.600e+01    5.858e+00   6.172e+00    1.1691123504e-04 1.8627617884e-04  8.7589977418e-05  2.7386615626e-04

  5.800e+01    2.020e+00   2.128e+00    2.9452780229e-04 5.3406764716e-04  3.1878799647e-04  8.5285564363e-04
  5.800e+01    2.222e+00   2.341e+00    3.6033670980e-04 4.8321710928e-04  2.9317016885e-04  7.7638727814e-04
  5.800e+01    2.424e+00   2.554e+00    4.6580721451e-04 6.4722547205e-04  5.9058002689e-04  1.2378054989e-03
  5.800e+01    2.626e+00   2.767e+00    5.6227189319e-04 9.6065852023e-04  4.0648165793e-04  1.3671401782e-03
  5.800e+01    2.828e+00   2.980e+00    6.4134606017e-04 7.5366062999e-04  7.5376212566e-04  1.5074227557e-03
  5.800e+01    3.030e+00   3.193e+00    7.0440582344e-04 1.5754386343e-03  4.7986145998e-04  2.0553000942e-03
  5.800e+01    3.232e+00   3.406e+00    7.1855429561e-04 8.2414439747e-04  6.2181761504e-04  1.4459620125e-03
  5.800e+01    3.434e+00   3.618e+00    6.8858936970e-04 1.3982450101e-03  4.7650242270e-04  1.8747474328e-03
  5.800e+01    3.636e+00   3.831e+00    6.3685296205e-04 8.8289344861e-04  3.4404768481e-04  1.2269411334e-03
  5.800e+01    3.838e+00   4.044e+00    5.7583117937e-04 6.6193392654e-04  3.2682059128e-04  9.8875451782e-04
  5.800e+01    4.040e+00   4.257e+00    5.0387594571e-04 6.2170514255e-04  2.7524011804e-04  8.9694526059e-04
  5.800e+01    4.242e+00   4.470e+00    4.2589081616e-04 5.3477175730e-04  2.4764682363e-04  7.8241858093e-04
  5.800e+01    4.444e+00   4.683e+00    3.4844259819e-04 4.8070026706e-04  2.1392861645e-04  6.9462888350e-04
  5.800e+01    4.646e+00   4.895e+00    2.7614785425e-04 4.1887628043e-04  1.8490666234e-04  6.0378294277e-04
  5.800e+01    4.848e+00   5.108e+00    2.3528066097e-04 3.6272915590e-04  1.6201519373e-04  5.2474434963e-04
  5.800e+01    5.050e+00   5.321e+00    2.0445709536e-04 3.1863409944e-04  1.4156777514e-04  4.6020187459e-04
  5.800e+01    5.252e+00   5.534e+00    1.7632657728e-04 2.7675174913e-04  1.2205429388e-04  3.9880604301e-04
  5.800e+01    5.454e+00   5.747e+00    1.5109661870e-04 2.3534716137e-04  1.0544351207e-04  3.4079067344e-04
  5.800e+01    5.656e+00   5.960e+00    1.2881255825e-04 2.0002925921e-04  8.9854124291e-05  2.8988338350e-04
  5.800e+01    5.858e+00   6.172e+00    1.0940551660e-04 1.6780578431e-04  7.8258436838e-05  2.4606422115e-04

  6.000e+01    2.020e+00   2.128e+00    2.9092322155e-04 4.6179767394e-04  2.8184268528e-04  7.4364035922e-04
  6.000e+01    2.222e+00   2.341e+00    3.4216827688e-04 4.3548204741e-04  2.5936376050e-04  6.9484580791e-04
  6.000e+01    2.424e+00   2.554e+00    4.3984385376e-04 5.6179414393e-04  5.0931412044e-04  1.0711082644e-03
  6.000e+01    2.626e+00   2.767e+00    5.2901087097e-04 8.3862897261e-04  3.5780448035e-04  1.1964334530e-03
  6.000e+01    2.828e+00   2.980e+00    5.9958592821e-04 6.5953576487e-04  6.4607304318e-04  1.3056088081e-03
  6.000e+01    3.030e+00   3.193e+00    6.5344666402e-04 1.3552745781e-03  4.2397143302e-04  1.7792460111e-03
  6.000e+01    3.232e+00   3.406e+00    6.6700152122e-04 7.3098803827e-04  5.3896778528e-04  1.2699558235e-03
  6.000e+01    3.434e+00   3.618e+00    6.4067835432e-04 1.2033967094e-03  4.1993958045e-04  1.6233362899e-03
  6.000e+01    3.636e+00   3.831e+00    5.9545959187e-04 7.7840318370e-04  3.0960066214e-04  1.0880038458e-03
  6.000e+01    3.838e+00   4.044e+00    5.3814511177e-04 5.9465257815e-04  2.9424419168e-04  8.8889676983e-04
  6.000e+01    4.040e+00   4.257e+00    4.7024171545e-04 5.5916878157e-04  2.4915426482e-04  8.0832304639e-04
  6.000e+01    4.242e+00   4.470e+00    3.9675871711e-04 4.8309119574e-04  2.2436256075e-04  7.0745375649e-04
  6.000e+01    4.444e+00   4.683e+00    3.2385571277e-04 4.3464996623e-04  1.9397283004e-04  6.2862279627e-04
  6.000e+01    4.646e+00   4.895e+00    2.5830797262e-04 3.7929806433e-04  1.6778302905e-04  5.4708109337e-04
  6.000e+01    4.848e+00   5.108e+00    2.2577888849e-04 3.2871426764e-04  1.4695182031e-04  4.7566608795e-04
  6.000e+01    5.050e+00   5.321e+00    1.9557802344e-04 2.8917643201e-04  1.2847303777e-04  4.1764946977e-04
  6.000e+01    5.252e+00   5.534e+00    1.6810180086e-04 2.5151063986e-04  1.1087663911e-04  3.6238727898e-04
  6.000e+01    5.454e+00   5.747e+00    1.4353590007e-04 2.1448820391e-04  9.5744827677e-05  3.1023303158e-04
  6.000e+01    5.656e+00   5.960e+00    1.2190775278e-04 1.8235923088e-04  8.1643577595e-05  2.6400280847e-04
  6.000e+01    5.858e+00   6.172e+00    1.0313489478e-04 1.5299885643e-04  7.0934912538e-05  2.2393376897e-04

  6.200e+01    2.020e+00   2.128e+00    2.8870666081e-04 4.0544021562e-04  2.5262627263e-04  6.5806648825e-04
  6.200e+01    2.222e+00   2.341e+00    3.3830615617e-04 3.9760928816e-04  2.3321428191e-04  6.3082357007e-04
  6.200e+01    2.424e+00   2.554e+00    4.1988193140e-04 4.9581792291e-04  4.4468367992e-04  9.4050160283e-04
  6.200e+01    2.626e+00   2.767e+00    5.0261024263e-04 7.4036548886e-04  3.1949067058e-04  1.0598561594e-03
  6.200e+01    2.828e+00   2.980e+00    5.6784076924e-04 5.8586981584e-04  5.5983215704e-04  1.1457019729e-03
  6.200e+01    3.030e+00   3.193e+00    6.1152890666e-04 1.1765652411e-03  3.7867321707e-04  1.5552384582e-03
  6.200e+01    3.232e+00   3.406e+00    6.2421198470e-04 6.5580292084e-04  4.7252741932e-04  1.1283303402e-03
  6.200e+01    3.434e+00   3.618e+00    6.0307349860e-04 1.0457881452e-03  3.7412119456e-04  1.4199093397e-03
  6.200e+01    3.636e+00   3.831e+00    5.6082901901e-04 6.9328713473e-04  2.8155852620e-04  9.7484566093e-04
  6.200e+01    3.838e+00   4.044e+00    5.0647929882e-04 5.3931993777e-04  2.6764833199e-04  8.0696826975e-04
  6.200e+01    4.040e+00   4.257e+00    4.4192106777e-04 5.0762704543e-04  2.2784775824e-04  7.3547480367e-04
  6.200e+01    4.242e+00   4.470e+00    3.7220284409e-04 4.4029949231e-04  2.0526234543e-04  6.4556183773e-04
  6.200e+01    4.444e+00   4.683e+00    3.0312679225e-04 3.9657656862e-04  1.7763414838e-04  5.7421071699e-04
  6.200e+01    4.646e+00   4.895e+00    2.4982503636e-04 3.4649377276e-04  1.5377163664e-04  5.0026540941e-04
  6.200e+01    4.848e+00   5.108e+00    2.1776055041e-04 3.0057667046e-04  1.3467641070e-04  4.3525308116e-04
  6.200e+01    5.050e+00   5.321e+00    1.8807953881e-04 2.6479919569e-04  1.1783063584e-04  3.8262983153e-04
  6.200e+01    5.252e+00   5.534e+00    1.6115526320e-04 2.3066498345e-04  1.0183607952e-04  3.3250106296e-04
  6.200e+01    5.454e+00   5.747e+00    1.3715222073e-04 1.9728666150e-04  8.7941480345e-05  2.8522814184e-04
  6.200e+01    5.656e+00   5.960e+00    1.1608212489e-04 1.6789596673e-04  7.5110389245e-05  2.4300635597e-04
  6.200e+01    5.858e+00   6.172e+00    9.7849934760e-05 1.4100298691e-04  6.5134771703e-05  2.0613775861e-04

  6.400e+01    2.020e+00   2.128e+00    2.8750172306e-04 3.6125218146e-04  2.2941613538e-04  5.9066831684e-04
  6.400e+01    2.222e+00   2.341e+00    3.3634306310e-04 3.6728988901e-04  2.1289518818e-04  5.8018507719e-04
  6.400e+01    2.424e+00   2.554e+00    4.0447307888e-04 4.4427046330e-04  3.9273020453e-04  8.3700066782e-04
  6.400e+01    2.626e+00   2.767e+00    4.8150151351e-04 6.6073766628e-04  2.8921979144e-04  9.4995745772e-04
  6.400e+01    2.828e+00   2.980e+00    5.4191399292e-04 5.2798576422e-04  4.9035744441e-04  1.0183432086e-03
  6.400e+01    3.030e+00   3.193e+00    5.7856357156e-04 1.0307488122e-03  3.4176691638e-04  1.3725157286e-03
  6.400e+01    3.232e+00   3.406e+00    5.8840866774e-04 5.9473970004e-04  4.1885507979e-04  1.0135947798e-03
  6.400e+01    3.434e+00   3.618e+00    5.7230771888e-04 9.1771584173e-04  3.3672526081e-04  1.2544411025e-03
  6.400e+01    3.636e+00   3.831e+00    5.3161795629e-04 6.2344001420e-04  2.5858250129e-04  8.8202251549e-04
  6.400e+01    3.838e+00   4.044e+00    4.7965842623e-04 4.9352118675e-04  2.4583550080e-04  7.3935668755e-04
  6.400e+01    4.040e+00   4.257e+00    4.1788533042e-04 4.6482435254e-04  2.1025196818e-04  6.7507632072e-04
  6.400e+01    4.242e+00   4.470e+00    3.5134280131e-04 4.0459617934e-04  1.8947663829e-04  5.9407281763e-04
  6.400e+01    4.444e+00   4.683e+00    2.8551364696e-04 3.6481241289e-04  1.6414764625e-04  5.2896005914e-04
  6.400e+01    4.646e+00   4.895e+00    2.4261940146e-04 3.1909488862e-04  1.4221854861e-04  4.6131343723e-04
  6.400e+01    4.848e+00   5.108e+00    2.1093992113e-04 2.7713057499e-04  1.2459137299e-04  4.0172194798e-04
  6.400e+01    5.050e+00   5.321e+00    1.8169730246e-04 2.4445976723e-04  1.0910647650e-04  3.5356624372e-04
  6.400e+01    5.252e+00   5.534e+00    1.5524156372e-04 2.1330715357e-04  9.4462484941e-05  3.0776963851e-04
  6.400e+01    5.454e+00   5.747e+00    1.3171926696e-04 1.8297948338e-04  8.1608377896e-05  2.6458786128e-04
  6.400e+01    5.656e+00   5.960e+00    1.1112747652e-04 1.5595426112e-04  6.9855526205e-05  2.2580978733e-04
  6.400e+01    5.858e+00   6.172e+00    9.3359887398e-05 1.3118411112e-04  6.0503821967e-05  1.9168793308e-04

  6.600e+01    2.020e+00   2.128e+00    2.8703286101e-04 3.2644605490e-04  2.1086613859e-04  5.3731219349e-04
  6.600e+01    2.222e+00   2.341e+00    3.3521875297e-04 3.4281212678e-04  1.9699079812e-04  5.3980292490e-04
  6.600e+01    2.424e+00   2.554e+00    3.9254442273e-04 4.0383376254e-04  3.5071548969e-04  7.5454925223e-04
  6.600e+01    2.626e+00   2.767e+00    4.6450944681e-04 5.9592345341e-04  2.6514405460e-04  8.6106750802e-04
  6.600e+01    2.828e+00   2.980e+00    5.2057591413e-04 4.8219388941e-04  4.3408151982e-04  9.1627540923e-04
  6.600e+01    3.030e+00   3.193e+00    5.5415326456e-04 9.1116889817e-04  3.1152187105e-04  1.2226907692e-03
  6.600e+01    3.232e+00   3.406e+00    5.6086657284e-04 5.4481892806e-04  3.7528379139e-04  9.2010271945e-04
  6.600e+01    3.434e+00   3.618e+00    5.4623142223e-04 8.1297198991e-04  3.0606232780e-04  1.1190343177e-03
  6.600e+01    3.636e+00   3.831e+00    5.0679288633e-04 5.6573778002e-04  2.3964095665e-04  8.0537873667e-04
  6.600e+01    3.838e+00   4.044e+00    4.5677310083e-04 4.5547008365e-04  2.2778823607e-04  6.8325831972e-04
  6.600e+01    4.040e+00   4.257e+00    3.9733966048e-04 4.2906120574e-04  1.9561745798e-04  6.2467866372e-04
  6.600e+01    4.242e+00   4.470e+00    3.3349491819e-04 3.7460113996e-04  1.7632630183e-04  5.5092744179e-04
  6.600e+01    4.444e+00   4.683e+00    2.7044111036e-04 3.3808786746e-04  1.5293365645e-04  4.9102152391e-04
  6.600e+01    4.646e+00   4.895e+00    2.3645391733e-04 2.9605044148e-04  1.3262498988e-04  4.2867543136e-04
  6.600e+01    4.848e+00   5.108e+00    2.0509714499e-04 2.5747229939e-04  1.1624362585e-04  3.7371592524e-04
  6.600e+01    5.050e+00   5.321e+00    1.7622613536e-04 2.2736444404e-04  1.0189980071e-04  3.2926424475e-04
  6.600e+01    5.252e+00   5.534e+00    1.5017122803e-04 1.9874176327e-04  8.8396707458e-05  2.8713847073e-04
  6.600e+01    5.454e+00   5.747e+00    1.2706259215e-04 1.7098653235e-04  7.6460386378e-05  2.4744691873e-04
  6.600e+01    5.656e+00   5.960e+00    1.0688346672e-04 1.4601438720e-04  6.5589090331e-05  2.1160347753e-04
  6.600e+01    5.858e+00   6.172e+00    8.9517442572e-05 1.2308455673e-04  5.6779173684e-05  1.7986373042e-04

  6.800e+01    2.020e+00   2.128e+00    2.8709705859e-04 2.9893063729e-04  1.9593865628e-04  4.9486929358e-04
  6.800e+01    2.222e+00   2.341e+00    3.3471424240e-04 3.2290257399e-04  1.8456000436e-04  5.0746257834e-04
  6.800e+01    2.424e+00   2.554e+00    3.8329395991e-04 3.7200217618e-04  3.1654999295e-04  6.8855216913e-04
  6.800e+01    2.626e+00   2.767e+00    4.5074675026e-04 5.4280523041e-04  2.4595806647e-04  7.8876329688e-04
  6.800e+01    2.828e+00   2.980e+00    5.0288922080e-04 4.4579670247e-04  3.8827662920e-04  8.3407333167e-04
  6.800e+01    3.030e+00   3.193e+00    5.3363196829e-04 8.1265105819e-04  2.8660944802e-04  1.0992605062e-03
  6.800e+01    3.232e+00   3.406e+00    5.3888756620e-04 5.0348974795e-04  3.3963642269e-04  8.4312617064e-04
  6.800e+01    3.434e+00   3.618e+00    5.2397752376e-04 7.2691467811e-04  2.8076725351e-04  1.0076819316e-03
  6.800e+01    3.636e+00   3.831e+00    4.8554826504e-04 5.1778639920e-04  2.2393294050e-04  7.4171933970e-04
  6.800e+01    3.838e+00   4.044e+00    4.3711373087e-04 4.2357741370e-04  2.1275288934e-04  6.3633030304e-04
  6.800e+01    4.040e+00   4.257e+00    3.7965962249e-04 3.9905370354e-04  1.8337096770e-04  5.8242467125e-04
  6.800e+01    4.242e+00   4.470e+00    3.1812406671e-04 3.4925591089e-04  1.6530008304e-04  5.1455599393e-04
  6.800e+01    4.444e+00   4.683e+00    2.6418971126e-04 3.1545902042e-04  1.4354791335e-04  4.5900693377e-04
  6.800e+01    4.646e+00   4.895e+00    2.3114329753e-04 2.7654542246e-04  1.2460863006e-04  4.0115405252e-04
  6.800e+01    4.848e+00   5.108e+00    2.0005815308e-04 2.4084423388e-04  1.0928682344e-04  3.5013105732e-04
  6.800e+01    5.050e+00   5.321e+00    1.7150470907e-04 2.1290296286e-04  9.5904272094e-05  3.0880723495e-04
  6.800e+01    5.252e+00   5.534e+00    1.4579535134e-04 1.8643034428e-04  8.3367608429e-05  2.6979795271e-04
  6.800e+01    5.454e+00   5.747e+00    1.2304441619e-04 1.6086150887e-04  7.2234265612e-05  2.3309577449e-04
  6.800e+01    5.656e+00   5.960e+00    1.0322346611e-04 1.3767419818e-04  6.2095588190e-05  1.9976978637e-04
  6.800e+01    5.858e+00   6.172e+00    8.6206805198e-05 1.1634882573e-04  5.3758996301e-05  1.7010782203e-04

  7.000e+01    2.020e+00   2.128e+00    2.8754394658e-04 2.7713086180e-04  1.8389400878e-04  4.6102487058e-04
  7.000e+01    2.222e+00   2.341e+00    3.3466540004e-04 3.0663283953e-04  1.7484440891e-04  4.8147724844e-04
  7.000e+01    2.424e+00   2.554e+00    3.7611853493e-04 3.4693042472e-04  2.8863010227e-04  6.3556052699e-04
  7.000e+01    2.626e+00   2.767e+00    4.3953702908e-04 4.9915730646e-04  2.3031787777e-04  7.2947518423e-04
  7.000e+01    2.828e+00   2.980e+00    4.8813104680e-04 4.1690862025e-04  3.5086567924e-04  7.6777429948e-04
  7.000e+01    3.030e+00   3.193e+00    5.1626511415e-04 7.3113469086e-04  2.6600035136e-04  9.9713504221e-04
  7.000e+01    3.232e+00   3.406e+00    5.2014321144e-04 4.6906390853e-04  3.1026128775e-04  7.7932519629e-04
  7.000e+01    3.434e+00   3.618e+00    5.0486351731e-04 6.5581442273e-04  2.5976987854e-04  9.1558430128e-04
  7.000e+01    3.636e+00   3.831e+00    4.6725135778e-04 4.7774898797e-04  2.1089069836e-04  6.8863968634e-04
  7.000e+01    3.838e+00   4.044e+00    4.2012060914e-04 3.9659047427e-04  2.0019354630e-04  5.9678402057e-04
  7.000e+01    4.040e+00   4.257e+00    3.6435342424e-04 3.7370702686e-04  1.7305548739e-04  5.4676251425e-04
  7.000e+01    4.242e+00   4.470e+00    3.0480622067e-04 3.2770386838e-04  1.5600181412e-04  4.8370568250e-04
  7.000e+01    4.444e+00   4.683e+00    2.5941927632e-04 2.9618897464e-04  1.3564530993e-04  4.3183428457e-04
  7.000e+01    4.646e+00   4.895e+00    2.2654096839e-04 2.5993538830e-04  1.1787694533e-04  3.7781233363e-04
  7.000e+01    4.848e+00   5.108e+00    1.9568627927e-04 2.2669082068e-04  1.0345478751e-04  3.3014560819e-04
  7.000e+01    5.050e+00   5.321e+00    1.6740634819e-04 2.0059159753e-04  9.0881399271e-05  2.9147299680e-04
  7.000e+01    5.252e+00   5.534e+00    1.4199594946e-04 1.7595545824e-04  7.9168747927e-05  2.5512420617e-04
  7.000e+01    5.454e+00   5.747e+00    1.1955628857e-04 1.5225701809e-04  6.8729463227e-05  2.2098648132e-04
  7.000e+01    5.656e+00   5.960e+00    1.0004797693e-04 1.3062893575e-04  5.9212476238e-05  1.8984141198e-04
  7.000e+01    5.858e+00   6.172e+00    8.3336791978e-05 1.1069849695e-04  5.1292120372e-05  1.6199061733e-04

  7.200e+01    2.020e+00   2.128e+00    2.8826169253e-04 2.5986533596e-04  1.7413724336e-04  4.3400257931e-04
  7.200e+01    2.222e+00   2.341e+00    3.3494953504e-04 2.9328253341e-04  1.6721502641e-04  4.6049755982e-04
  7.200e+01    2.424e+00   2.554e+00    3.7470875021e-04 3.2727902972e-04  2.6572116420e-04  5.9300019392e-04
  7.200e+01    2.626e+00   2.767e+00    4.3036043578e-04 4.6288934336e-04  2.1748847421e-04  6.8037781758e-04
  7.200e+01    2.828e+00   2.980e+00    4.7574153598e-04 3.9381461328e-04  3.2027007768e-04  7.1408469096e-04
  7.200e+01    3.030e+00   3.193e+00    5.0147696282e-04 6.6327453976e-04  2.4889985566e-04  9.1217439542e-04
  7.200e+01    3.232e+00   3.406e+00    5.0405838815e-04 4.4020879853e-04  2.8593085056e-04  7.2613964908e-04
  7.200e+01    3.434e+00   3.618e+00    4.8834966936e-04 5.9686037355e-04  2.4226966643e-04  8.3913003998e-04
  7.200e+01    3.636e+00   3.831e+00    4.5140076838e-04 4.4425039948e-04  2.0001389655e-04  6.4426429603e-04
  7.200e+01    3.838e+00   4.044e+00    4.0534864359e-04 3.7365045641e-04  1.8957357045e-04  5.6322402686e-04
  7.200e+01    4.040e+00   4.257e+00    3.5102689923e-04 3.5211495467e-04  1.6433277624e-04  5.1644773091e-04
  7.200e+01    4.242e+00   4.470e+00    2.9320265658e-04 3.0929756125e-04  1.4812378826e-04  4.5742134952e-04
  7.200e+01    4.444e+00   4.683e+00    2.5526828051e-04 2.7970350355e-04  1.2895638415e-04  4.0865988770e-04
  7.200e+01    4.646e+00   4.895e+00    2.2252988004e-04 2.4572487226e-04  1.1219635159e-04  3.5792122385e-04
  7.200e+01    4.848e+00   5.108e+00    1.9187199543e-04 2.1457525316e-04  9.8541870284e-05  3.1311712344e-04
  7.200e+01    5.050e+00   5.321e+00    1.6382826885e-04 1.9004954486e-04  8.6646142327e-05  2.7669568719e-04
  7.200e+01    5.252e+00   5.534e+00    1.3867839096e-04 1.6698833438e-04  7.5643447233e-05  2.4263178161e-04
  7.200e+01    5.454e+00   5.747e+00    1.1651112653e-04 1.4490117156e-04  6.5799340354e-05  2.1070051192e-04
  7.200e+01    5.656e+00   5.960e+00    9.7277296221e-05 1.2463444895e-04  5.6815509541e-05  1.8144995849e-04
  7.200e+01    5.858e+00   6.172e+00    8.0834453614e-05 1.0592301383e-04  4.9263360009e-05  1.5518637384e-04

  7.400e+01    2.020e+00   2.128e+00    2.8916703724e-04 2.4632463248e-04  1.6633525621e-04  4.1265988870e-04
  7.400e+01    2.222e+00   2.341e+00    3.3547375032e-04 2.8225412736e-04  1.6112757355e-04  4.4338170091e-04
  7.400e+01    2.424e+00   2.554e+00    3.7472361478e-04 3.1181381281e-04  2.4689197773e-04  5.5870579054e-04
  7.400e+01    2.626e+00   2.767e+00    4.2281489764e-04 4.3250678173e-04  2.0691388104e-04  6.3942066278e-04
  7.400e+01    2.828e+00   2.980e+00    4.6528121312e-04 3.7489019890e-04  2.9513760107e-04  6.7002779997e-04
  7.400e+01    3.030e+00   3.193e+00    4.8881239417e-04 6.0655271896e-04  2.3467775255e-04  8.4123047152e-04
  7.400e+01    3.232e+00   3.406e+00    4.9017658947e-04 4.1585352208e-04  2.6568694331e-04  6.8154046539e-04
  7.400e+01    3.434e+00   3.618e+00    4.7400515507e-04 5.4758613126e-04  2.2765203118e-04  7.7523816244e-04
  7.400e+01    3.636e+00   3.831e+00    4.3759451130e-04 4.1603051306e-04  1.9084784128e-04  6.0687835435e-04
  7.400e+01    3.838e+00   4.044e+00    3.9243910145e-04 3.5408762522e-04  1.8054673874e-04  5.3463436396e-04
  7.400e+01    4.040e+00   4.257e+00    3.3936411862e-04 3.3363121196e-04  1.5693941917e-04  4.9057063113e-04
  7.400e+01    4.242e+00   4.470e+00    2.8555647767e-04 2.9354339706e-04  1.4143225201e-04  4.3497564908e-04
  7.400e+01    4.444e+00   4.683e+00    2.5163747649e-04 2.6551694619e-04  1.2326844268e-04  3.8878538887e-04
  7.400e+01    4.646e+00   4.895e+00    2.1901535035e-04 2.3350863066e-04  1.0736720851e-04  3.4087583918e-04
  7.400e+01    4.848e+00   5.108e+00    1.8852695751e-04 2.0415321085e-04  9.4377447080e-05  2.9853065793e-04
  7.400e+01    5.050e+00   5.321e+00    1.6068866685e-04 1.8097663280e-04  8.3053713145e-05  2.6403034595e-04
  7.400e+01    5.252e+00   5.534e+00    1.3576690342e-04 1.5926790824e-04  7.2663498950e-05  2.3193140719e-04
  7.400e+01    5.454e+00   5.747e+00    1.1383910798e-04 1.3857499051e-04  6.3331910030e-05  2.0190690054e-04
  7.400e+01    5.656e+00   5.960e+00    9.4847066958e-05 1.1950221744e-04  5.4810007371e-05  1.7431222481e-04
  7.400e+01    5.858e+00   6.172e+00    7.8641282218e-05 1.0185852826e-04  4.7583835492e-05  1.4944236375e-04

  7.600e+01    2.020e+00   2.128e+00    2.9019744528e-04 2.3573535161e-04  1.5987208706e-04  3.9560743867e-04
  7.600e+01    2.222e+00   2.341e+00    3.3616799084e-04 2.7314476694e-04  1.5624123126e-04  4.2938599821e-04
  7.600e+01    2.424e+00   2.554e+00    3.7495824697e-04 2.9941597406e-04  2.3136311037e-04  5.3077908443e-04
  7.600e+01    2.626e+00   2.767e+00    4.1658698115e-04 4.0694734851e-04  1.9815983168e-04  6.0510718019e-04
  7.600e+01    2.828e+00   2.980e+00    4.5640382990e-04 3.5916081372e-04  2.7422047228e-04  6.3338128600e-04
  7.600e+01    3.030e+00   3.193e+00    4.7790929731e-04 5.5892608279e-04  2.2286172239e-04  7.8178780518e-04
  7.600e+01    3.232e+00   3.406e+00    4.7813305866e-04 3.9514791038e-04  2.4878588404e-04  6.4393379442e-04
  7.600e+01    3.434e+00   3.618e+00    4.6148226716e-04 5.0627279284e-04  2.1546376819e-04  7.2173656103e-04
  7.600e+01    3.636e+00   3.831e+00    4.2550918782e-04 3.9208019218e-04  1.8312923084e-04  5.7520942302e-04
  7.600e+01    3.838e+00   4.044e+00    3.8110321728e-04 3.3740312113e-04  1.7281726522e-04  5.1022038635e-04
  7.600e+01    4.040e+00   4.257e+00    3.2910884883e-04 3.1772659004e-04  1.5063517235e-04  4.6836176239e-04
  7.600e+01    4.242e+00   4.470e+00    2.8233324520e-04 2.7997291369e-04  1.3570884213e-04  4.1568175582e-04
  7.600e+01    4.444e+00   4.683e+00    2.4844553911e-04 2.5325476069e-04  1.1841350449e-04  3.7166826518e-04
  7.600e+01    4.646e+00   4.895e+00    2.1592136561e-04 2.2295372661e-04  1.0324400421e-04  3.2619773083e-04
  7.600e+01    4.848e+00   5.108e+00    1.8557897404e-04 1.9515663664e-04  9.0835112127e-05  2.8599174877e-04
  7.600e+01    5.050e+00   5.321e+00    1.5792031651e-04 1.7313301227e-04  7.9990470745e-05  2.5312348301e-04
  7.600e+01    5.252e+00   5.534e+00    1.3319961600e-04 1.5258543690e-04  7.0127742754e-05  2.2271317965e-04
  7.600e+01    5.454e+00   5.747e+00    1.1148332904e-04 1.3310392661e-04  6.1245075669e-05  1.9434900228e-04
  7.600e+01    5.656e+00   5.960e+00    9.2705117629e-05 1.1507975068e-04  5.3125406007e-05  1.6820515669e-04
  7.600e+01    5.858e+00   6.172e+00    7.6709723858e-05 9.8377822693e-05  4.6184424277e-05  1.4456224697e-04

  7.800e+01    2.020e+00   2.128e+00    2.9130647445e-04 2.2730417756e-04  1.5445692751e-04  3.8176110508e-04
  7.800e+01    2.222e+00   2.341e+00    3.3697924149e-04 2.6570779464e-04  1.5238574401e-04  4.1809353865e-04
  7.800e+01    2.424e+00   2.554e+00    3.7535365434e-04 2.8941251439e-04  2.1844268659e-04  5.0785520099e-04
  7.800e+01    2.626e+00   2.767e+00    4.1143015379e-04 3.8537364743e-04  1.9088425302e-04  5.7625790045e-04
  7.800e+01    2.828e+00   2.980e+00    4.4883447724e-04 3.4611533706e-04  2.5676128142e-04  6.0287661848e-04
  7.800e+01    3.030e+00   3.193e+00    4.6847748629e-04 5.1871315464e-04  2.1308210892e-04  7.3179526356e-04
  7.800e+01    3.232e+00   3.406e+00    4.6763411466e-04 3.7747131399e-04  2.3467957413e-04  6.1215088812e-04
  7.800e+01    3.434e+00   3.618e+00    4.5049956681e-04 4.7141983481e-04  2.0527600035e-04  6.7669583515e-04
  7.800e+01    3.636e+00   3.831e+00    4.1488079179e-04 3.7164287496e-04  1.7651755626e-04  5.4816043122e-04
  7.800e+01    3.838e+00   4.044e+00    3.7110385750e-04 3.2320719056e-04  1.6616808796e-04  4.8937527851e-04
  7.800e+01    4.040e+00   4.257e+00    3.2005052724e-04 3.0396933235e-04  1.4524718503e-04  4.4921651738e-04
  7.800e+01    4.242e+00   4.470e+00    2.7949335389e-04 2.6825672758e-04  1.3078654532e-04  3.9904327291e-04
  7.800e+01    4.444e+00   4.683e+00    2.4562697617e-04 2.4262285463e-04  1.1426581716e-04  3.5688867179e-04
  7.800e+01    4.646e+00   4.895e+00    2.1318489467e-04 2.1379702535e-04  9.9708526281e-05  3.1350555163e-04
  7.800e+01    4.848e+00   5.108e+00    1.8296970114e-04 1.8735702050e-04  8.7796602338e-05  2.7515362283e-04
  7.800e+01    5.050e+00   5.321e+00    1.5546886529e-04 1.6632841066e-04  7.7366334957e-05  2.4369474561e-04
  7.800e+01    5.252e+00   5.534e+00    1.3092557154e-04 1.4677431455e-04  6.7957022797e-05  2.1473133735e-04
  7.800e+01    5.454e+00   5.747e+00    1.0939691342e-04 1.2835131035e-04  5.9468401194e-05  1.8781971154e-04
  7.800e+01    5.656e+00   5.960e+00    9.0808996936e-05 1.1124652014e-04  5.1700179787e-05  1.6294669992e-04
  7.800e+01    5.858e+00   6.172e+00    7.5000754624e-05 9.5378138393e-05  4.5011564299e-05  1.4038970269e-04
  Took 69786.025948 seconds
