  r_x          E_1         E_2          E_PEAK(eV)       E_e1(eV)          E_e2(eV)          E_tot(eV)

  4.000e+01    2.020e+00   2.128e+00    1.3237454685e-03 1.2029605075e-03  8.9553012041e-04  2.0984906279e-03
  4.000e+01    2.222e+00   2.341e+00    2.7264881117e-03 2.2416312881e-03  1.4101487095e-03  3.6517799977e-03
  4.000e+01    2.424e+00   2.554e+00    3.6842427156e-03 3.1764019661e-03  1.4720765746e-03  4.6484785407e-03
  4.000e+01    2.626e+00   2.767e+00    3.2646037714e-03 2.8282641486e-03  1.2772491179e-03  4.1055132665e-03
  4.000e+01    2.828e+00   2.980e+00    2.7024599512e-03 2.3679749968e-03  1.1159474734e-03  3.4839224703e-03
  4.000e+01    3.030e+00   3.193e+00    2.1807333904e-03 2.0744412060e-03  1.0003900931e-03  3.0748312991e-03
  4.000e+01    3.232e+00   3.406e+00    1.8967011849e-03 1.8685146490e-03  9.0864932455e-04  2.7771639735e-03
  4.000e+01    3.434e+00   3.618e+00    1.5479606345e-03 1.7030468097e-03  8.3040196061e-04  2.5334487703e-03
  4.000e+01    3.636e+00   3.831e+00    1.2683638401e-03 1.5605610502e-03  7.5867706715e-04  2.3192381173e-03
  4.000e+01    3.838e+00   4.044e+00    1.1137061504e-03 1.4303957076e-03  6.8168460778e-04  2.1120803154e-03
  4.000e+01    4.040e+00   4.257e+00    9.5010413349e-04 1.2898790067e-03  6.1395085828e-04  1.9038298650e-03
  4.000e+01    4.242e+00   4.470e+00    7.8883693795e-04 1.1652666948e-03  5.4889599951e-04  1.7141626943e-03
  4.000e+01    4.444e+00   4.683e+00    6.3815995817e-04 1.0449357751e-03  4.8823198839e-04  1.5331677635e-03
  4.000e+01    4.646e+00   4.895e+00    5.0348043503e-04 9.4079701103e-04  4.1242574193e-04  1.3532227530e-03
  4.000e+01    4.848e+00   5.108e+00    3.8772391875e-04 7.9443320669e-04  3.5241422173e-04  1.1468474284e-03
  4.000e+01    5.050e+00   5.321e+00    3.0417159679e-04 6.8395543748e-04  2.9595316686e-04  9.7990860434e-04
  4.000e+01    5.252e+00   5.534e+00    2.6679145084e-04 5.7839405923e-04  2.4463479804e-04  8.2302885727e-04
  4.000e+01    5.454e+00   5.747e+00    2.3290155104e-04 4.7912223589e-04  1.9870841204e-04  6.7783064794e-04
  4.000e+01    5.656e+00   5.960e+00    2.0260915653e-04 3.9013710234e-04  1.6282381857e-04  5.5296092091e-04
  4.000e+01    5.858e+00   6.172e+00    1.7588085817e-04 3.1216467423e-04  1.3783739349e-04  4.5000206772e-04

  4.200e+01    2.020e+00   2.128e+00    9.3492021726e-04 8.9223202245e-04  6.7666144955e-04  1.5688934720e-03
  4.200e+01    2.222e+00   2.341e+00    2.0394393689e-03 1.7089337502e-03  1.0960637863e-03  2.8049975365e-03
  4.200e+01    2.424e+00   2.554e+00    2.8781573800e-03 2.4981993949e-03  1.1685855070e-03  3.6667849019e-03
  4.200e+01    2.626e+00   2.767e+00    2.6210497218e-03 2.2607288303e-03  1.0270889226e-03  3.2878177529e-03
  4.200e+01    2.828e+00   2.980e+00    2.2161304788e-03 1.9176167091e-03  9.0981372027e-04  2.8274304294e-03
  4.200e+01    3.030e+00   3.193e+00    1.8210093785e-03 1.6996073445e-03  8.2481997482e-04  2.5244273193e-03
  4.200e+01    3.232e+00   3.406e+00    1.6004329983e-03 1.5459057136e-03  7.5531569943e-04  2.3012214130e-03
  4.200e+01    3.434e+00   3.618e+00    1.3195158634e-03 1.4185809829e-03  6.9494640348e-04  2.1135273863e-03
  4.200e+01    3.636e+00   3.831e+00    1.0927448609e-03 1.3075246639e-03  6.3784072834e-04  1.9453653922e-03
  4.200e+01    3.838e+00   4.044e+00    9.6075875183e-04 1.2031031563e-03  5.7549564818e-04  1.7785988045e-03
  4.200e+01    4.040e+00   4.257e+00    8.1985488284e-04 1.0888673080e-03  5.1999089508e-04  1.6088582031e-03
  4.200e+01    4.242e+00   4.470e+00    6.8014375378e-04 9.8664355824e-04  4.6647653106e-04  1.4531200893e-03
  4.200e+01    4.444e+00   4.683e+00    5.4911250804e-04 8.8734975145e-04  4.1645642308e-04  1.3038061745e-03
  4.200e+01    4.646e+00   4.895e+00    4.3172982522e-04 8.0152913387e-04  3.5144102507e-04  1.1529701589e-03
  4.200e+01    4.848e+00   5.108e+00    3.3074726584e-04 6.7687329553e-04  3.0069694784e-04  9.7757024336e-04
  4.200e+01    5.050e+00   5.321e+00    2.7393669923e-04 5.8346941497e-04  2.5282361742e-04  8.3629303239e-04
  4.200e+01    5.252e+00   5.534e+00    2.3902537548e-04 4.9422518343e-04  2.0903293693e-04  7.0325812036e-04
  4.200e+01    5.454e+00   5.747e+00    2.0750718498e-04 4.0987581520e-04  1.6927659438e-04  5.7915240957e-04
  4.200e+01    5.656e+00   5.960e+00    1.7946025813e-04 3.3384486401e-04  1.3689323947e-04  4.7073810348e-04
  4.200e+01    5.858e+00   6.172e+00    1.5483037510e-04 2.6558434213e-04  1.1422613787e-04  3.7981048000e-04

  4.400e+01    2.020e+00   2.128e+00    6.6645951836e-04 6.7639372975e-04  5.2084682307e-04  1.1972405528e-03
  4.400e+01    2.222e+00   2.341e+00    1.5428538837e-03 1.3209651175e-03  8.6382493856e-04  2.1847900561e-03
  4.400e+01    2.424e+00   2.554e+00    2.2805017945e-03 1.9906183905e-03  9.4203659192e-04  2.9326549824e-03
  4.400e+01    2.626e+00   2.767e+00    2.1407480055e-03 1.8367399466e-03  8.4072678568e-04  2.6774667323e-03
  4.400e+01    2.828e+00   2.980e+00    1.8499801377e-03 1.5803686644e-03  7.5529312411e-04  2.3356617886e-03
  4.400e+01    3.030e+00   3.193e+00    1.5486722485e-03 1.4168984562e-03  6.9219240103e-04  2.1090908572e-03
  4.400e+01    3.232e+00   3.406e+00    1.3743650707e-03 1.3008321981e-03  6.3870775613e-04  1.9395399542e-03
  4.400e+01    3.434e+00   3.618e+00    1.1441191210e-03 1.2011218315e-03  5.9120689269e-04  1.7923287242e-03
  4.400e+01    3.636e+00   3.831e+00    9.5802253329e-04 1.1128019036e-03  5.4481640703e-04  1.6576183106e-03
  4.400e+01    3.838e+00   4.044e+00    8.4312410080e-04 1.0273732000e-03  4.9344229604e-04  1.5208154960e-03
  4.400e+01    4.040e+00   4.257e+00    7.1953170072e-04 9.3290855085e-04  4.4716354424e-04  1.3800720951e-03
  4.400e+01    4.242e+00   4.470e+00    5.9638991229e-04 8.4756179285e-04  4.0230200816e-04  1.2498638010e-03
  4.400e+01    4.444e+00   4.683e+00    4.8054020184e-04 7.6419519274e-04  3.6032849877e-04  1.1245236915e-03
  4.400e+01    4.646e+00   4.895e+00    3.7657197465e-04 6.9222359218e-04  3.0409127669e-04  9.9631486887e-04
  4.400e+01    4.848e+00   5.108e+00    2.8707957767e-04 5.8498655459e-04  2.6066651087e-04  8.4565306546e-04
  4.400e+01    5.050e+00   5.321e+00    2.5048508531e-04 5.0509097627e-04  2.1960297008e-04  7.2469394635e-04
  4.400e+01    5.252e+00   5.534e+00    2.1750299517e-04 4.2874523306e-04  1.8184296791e-04  6.1058820097e-04
  4.400e+01    5.454e+00   5.747e+00    1.8784535658e-04 3.5631003570e-04  1.4724918612e-04  5.0355922182e-04
  4.400e+01    5.656e+00   5.960e+00    1.6156571855e-04 2.9066629558e-04  1.1790419216e-04  4.0857048774e-04
  4.400e+01    5.858e+00   6.172e+00    1.3859124150e-04 2.3097662164e-04  9.7163073731e-05  3.2813969537e-04

  4.600e+01    2.020e+00   2.128e+00    4.9553269745e-04 5.2574227574e-04  4.0920989638e-04  9.3495217212e-04
  4.600e+01    2.222e+00   2.341e+00    1.1813545681e-03 1.0372145751e-03  6.9111045082e-04  1.7283250259e-03
  4.600e+01    2.424e+00   2.554e+00    1.8330015327e-03 1.6077894822e-03  7.7116380050e-04  2.3789532827e-03
  4.600e+01    2.626e+00   2.767e+00    1.7771724543e-03 1.5160179788e-03  6.9985195606e-04  2.2158699348e-03
  4.600e+01    2.828e+00   2.980e+00    1.5699695192e-03 1.3239858210e-03  6.3756028368e-04  1.9615461047e-03
  4.600e+01    3.030e+00   3.193e+00    1.3390494284e-03 1.2002865393e-03  5.9030698761e-04  1.7905935269e-03
  4.600e+01    3.232e+00   3.406e+00    1.1990206438e-03 1.1115498360e-03  5.4854872933e-04  1.6600985653e-03
  4.600e+01    3.434e+00   3.618e+00    1.0072714661e-03 1.0321274285e-03  5.1044764134e-04  1.5425750699e-03
  4.600e+01    3.636e+00   3.831e+00    8.5292082528e-04 9.6056006998e-04  4.7203329657e-04  1.4325933666e-03
  4.600e+01    3.838e+00   4.044e+00    7.5113109752e-04 8.8935244355e-04  4.2899326825e-04  1.3183457118e-03
  4.600e+01    4.040e+00   4.257e+00    6.4097032001e-04 8.0999527995e-04  3.8982737976e-04  1.1998226597e-03
  4.600e+01    4.242e+00   4.470e+00    5.3078231762e-04 7.3756884177e-04  3.5155677669e-04  1.0891256185e-03
  4.600e+01    4.444e+00   4.683e+00    4.2685646977e-04 6.6646064031e-04  3.1577545256e-04  9.8223609287e-04
  4.600e+01    4.646e+00   4.895e+00    3.3346219870e-04 6.0517414147e-04  2.6673189357e-04  8.7190603504e-04
  4.600e+01    4.848e+00   5.108e+00    2.6651519879e-04 5.1206016839e-04  2.2916071226e-04  7.4122088065e-04
  4.600e+01    5.050e+00   5.321e+00    2.3198693819e-04 4.4297985310e-04  1.9355751388e-04  6.3653736698e-04
  4.600e+01    5.252e+00   5.534e+00    2.0053567687e-04 3.7696657323e-04  1.6067824958e-04  5.3764482280e-04
  4.600e+01    5.454e+00   5.747e+00    1.7236204671e-04 3.1414396630e-04  1.3034101084e-04  4.4448497714e-04
  4.600e+01    5.656e+00   5.960e+00    1.4749565634e-04 2.5690890547e-04  1.0400898915e-04  3.6091789462e-04
  4.600e+01    5.858e+00   6.172e+00    1.2584769799e-04 2.0445771897e-04  8.4742338101e-05  2.8920005707e-04

  4.800e+01    2.020e+00   2.128e+00    3.8131463385e-04 4.2058208089e-04  3.2873856624e-04  7.4932064713e-04
  4.800e+01    2.222e+00   2.341e+00    9.1614442140e-04 8.2864626034e-04  5.6173467308e-04  1.3903809334e-03
  4.800e+01    2.424e+00   2.554e+00    1.4943824078e-03 1.3168053212e-03  6.4093168837e-04  1.9577370095e-03
  4.800e+01    2.626e+00   2.767e+00    1.4981669196e-03 1.2704612040e-03  5.9189745697e-04  1.8623586609e-03
  4.800e+01    2.828e+00   2.980e+00    1.3526746580e-03 1.1262076870e-03  5.4650950015e-04  1.6727171872e-03
  4.800e+01    3.030e+00   3.193e+00    1.1752235883e-03 1.0318960002e-03  5.1085364989e-04  1.5427496501e-03
  4.800e+01    3.232e+00   3.406e+00    1.0609778385e-03 9.6318476975e-04  4.7780981349e-04  1.4409945832e-03
  4.800e+01    3.434e+00   3.618e+00    8.9893112241e-04 8.9886296638e-04  4.4662400350e-04  1.3454869699e-03
  4.800e+01    3.636e+00   3.831e+00    7.6967107965e-04 8.3979796110e-04  4.1426294723e-04  1.2540609083e-03
  4.800e+01    3.838e+00   4.044e+00    6.7810283745e-04 7.7942643709e-04  3.7764639889e-04  1.1570728360e-03
  4.800e+01    4.040e+00   4.257e+00    5.7853102849e-04 7.1171295668e-04  3.4410717804e-04  1.0558201347e-03
  4.800e+01    4.242e+00   4.470e+00    4.7862156701e-04 6.4939174864e-04  3.1088400858e-04  9.6027575722e-04
  4.800e+01    4.444e+00   4.683e+00    3.8420243081e-04 5.8786468242e-04  2.7994063723e-04  8.6780531965e-04
  4.800e+01    4.646e+00   4.895e+00    2.9926294574e-04 5.3494812202e-04  2.3683746672e-04  7.7178558874e-04
  4.800e+01    4.848e+00   5.108e+00    2.5046402292e-04 4.5340102040e-04  2.0400239240e-04  6.5740341280e-04
  4.800e+01    5.050e+00   5.321e+00    2.1717586809e-04 3.9306994571e-04  1.7281754379e-04  5.6588748950e-04
  4.800e+01    5.252e+00   5.534e+00    1.8695783569e-04 3.3543141438e-04  1.4393110166e-04  4.7936251604e-04
  4.800e+01    5.454e+00   5.747e+00    1.5998400289e-04 2.8044112908e-04  1.1710571315e-04  3.9754684223e-04
  4.800e+01    5.656e+00   5.960e+00    1.3626381187e-04 2.3008315385e-04  9.3504869473e-05  3.2358802332e-04
  4.800e+01    5.858e+00   6.172e+00    1.1569280088e-04 1.8369851476e-04  7.5495715424e-05  2.5919423018e-04

  5.000e+01    2.020e+00   2.128e+00    3.3568053300e-04 3.4754179159e-04  2.7037895520e-04  6.1792074679e-04
  5.000e+01    2.222e+00   2.341e+00    7.2490237282e-04 6.7450685555e-04  4.6402886013e-04  1.1385357157e-03
  5.000e+01    2.424e+00   2.554e+00    1.2353980735e-03 1.0937890541e-03  5.4062847377e-04  1.6344175279e-03
  5.000e+01    2.626e+00   2.767e+00    1.2812494277e-03 1.0801911772e-03  5.0813011248e-04  1.5883212896e-03
  5.000e+01    2.828e+00   2.980e+00    1.1817359582e-03 9.7165811520e-04  4.7513313786e-04  1.4467912531e-03
  5.000e+01    3.030e+00   3.193e+00    1.0453920766e-03 8.9921080033e-04  4.4805969829e-04  1.3472704986e-03
  5.000e+01    3.232e+00   3.406e+00    9.5080976771e-04 8.4531173656e-04  4.2159635717e-04  1.2669080937e-03
  5.000e+01    3.434e+00   3.618e+00    8.1200835937e-04 7.9240609370e-04  3.9552057286e-04  1.1879266666e-03
  5.000e+01    3.636e+00   3.831e+00    7.0282136214e-04 7.4275107947e-04  3.6781596983e-04  1.1105670493e-03
  5.000e+01    3.838e+00   4.044e+00    6.1934137884e-04 6.9075579276e-04  3.3622576207e-04  1.0269815548e-03
  5.000e+01    4.040e+00   4.257e+00    5.2823536341e-04 6.3216331064e-04  3.0715030082e-04  9.3931361145e-04
  5.000e+01    4.242e+00   4.470e+00    4.3659552914e-04 5.7785396597e-04  2.7789428052e-04  8.5574824648e-04
  5.000e+01    4.444e+00   4.683e+00    3.4985515757e-04 5.2391668882e-04  2.5077874465e-04  7.7469543347e-04
  5.000e+01    4.646e+00   4.895e+00    2.7176323192e-04 4.7764177445e-04  2.1261393820e-04  6.9025571265e-04
  5.000e+01    4.848e+00   5.108e+00    2.3743949379e-04 4.0564988638e-04  1.8363943737e-04  5.8928932375e-04
  5.000e+01    5.050e+00   5.321e+00    2.0515788130e-04 3.5246806887e-04  1.5607456442e-04  5.0854263329e-04
  5.000e+01    5.252e+00   5.534e+00    1.7594641191e-04 3.0168152728e-04  1.3047720069e-04  4.3215872797e-04
  5.000e+01    5.454e+00   5.747e+00    1.4995497173e-04 2.5313967225e-04  1.0657303786e-04  3.5971271011e-04
  5.000e+01    5.656e+00   5.960e+00    1.2717529653e-04 2.0845812776e-04  8.5351226420e-05  2.9380935418e-04
  5.000e+01    5.858e+00   6.172e+00    1.0749003088e-04 1.6715987418e-04  6.8492263690e-05  2.3565213787e-04

  5.200e+01    2.020e+00   2.128e+00    3.1417477944e-04 2.9750209284e-04  2.2785522824e-04  5.2535732108e-04
  5.200e+01    2.222e+00   2.341e+00    5.8445337995e-04 5.5997075006e-04  3.8964909048e-04  9.4961984054e-04
  5.200e+01    2.424e+00   2.554e+00    1.0352171437e-03 9.2138583455e-04  4.6257822729e-04  1.3839640618e-03
  5.200e+01    2.626e+00   2.767e+00    1.1105141305e-03 9.3099521764e-04  4.4243404999e-04  1.3734292676e-03
  5.200e+01    2.828e+00   2.980e+00    1.0455484635e-03 8.4937683132e-04  4.1849474955e-04  1.2678715809e-03
  5.200e+01    3.030e+00   3.193e+00    9.4117692047e-04 7.9342031197e-04  3.9784668799e-04  1.1912670000e-03
  5.200e+01    3.232e+00   3.406e+00    8.6179042301e-04 7.5052650414e-04  3.7648551054e-04  1.1270120147e-03
  5.200e+01    3.434e+00   3.618e+00    7.4142183705e-04 7.0637473284e-04  3.5413027202e-04  1.0605050049e-03
  5.200e+01    3.636e+00   3.831e+00    6.4847566968e-04 6.6387508060e-04  3.3004927637e-04  9.9392435697e-04
  5.200e+01    3.838e+00   4.044e+00    5.7147990756e-04 6.1842168264e-04  3.0244651755e-04  9.2086820019e-04
  5.200e+01    4.040e+00   4.257e+00    4.8722841177e-04 5.6708541426e-04  2.7689607649e-04  8.4398149075e-04
  5.200e+01    4.242e+00   4.470e+00    4.0232485795e-04 5.1920352604e-04  2.5085709040e-04  7.7006061644e-04
  5.200e+01    4.444e+00   4.683e+00    3.2186171503e-04 4.7134255581e-04  2.2679838923e-04  6.9814094503e-04
  5.200e+01    4.646e+00   4.895e+00    2.6093601952e-04 4.3039580024e-04  1.9276315898e-04  6.2315895922e-04
  5.200e+01    4.848e+00   5.108e+00    2.2674509977e-04 3.6635772292e-04  1.6696575794e-04  5.3332348086e-04
  5.200e+01    5.050e+00   5.321e+00    1.9528969973e-04 3.1907601977e-04  1.4239413119e-04  4.6147015096e-04
  5.200e+01    5.252e+00   5.534e+00    1.6690851691e-04 2.7394710176e-04  1.1952527777e-04  3.9347237953e-04
  5.200e+01    5.454e+00   5.747e+00    1.4173082457e-04 2.3076191513e-04  9.8067844667e-05  3.2882975979e-04
  5.200e+01    5.656e+00   5.960e+00    1.1973177864e-04 1.9080295824e-04  7.8894676852e-05  2.6969763509e-04
  5.200e+01    5.858e+00   6.172e+00    1.0078207074e-04 1.5378427629e-04  6.3167866481e-05  2.1695214277e-04

  5.400e+01    2.020e+00   2.128e+00    3.1059306735e-04 2.6359122439e-04  1.9678866731e-04  4.6037989170e-04
  5.400e+01    2.222e+00   2.341e+00    4.7914418565e-04 4.7442350085e-04  3.3258439378e-04  8.0700789463e-04
  5.400e+01    2.424e+00   2.554e+00    8.7889235303e-04 7.8694913198e-04  4.0124320763e-04  1.1881923396e-03
  5.400e+01    2.626e+00   2.767e+00    9.7456302219e-04 8.1267879742e-04  3.9022294662e-04  1.2029017440e-03
  5.400e+01    2.828e+00   2.980e+00    9.3576864496e-04 7.5150878152e-04  3.7304496199e-04  1.1245537435e-03
  5.400e+01    3.030e+00   3.193e+00    8.5654214648e-04 7.0809899351e-04  3.5721574051e-04  1.0653147340e-03
  5.400e+01    3.232e+00   3.406e+00    7.8903857417e-04 6.7349180651e-04  3.3987556868e-04  1.0133673752e-03
  5.400e+01    3.434e+00   3.618e+00    6.8346638165e-04 6.3615197630e-04  3.2025974077e-04  9.5641171707e-04
  5.400e+01    3.636e+00   3.831e+00    6.0379673352e-04 5.9912794083e-04  2.9903357450e-04  8.9816151533e-04
  5.400e+01    3.838e+00   4.044e+00    5.3206583388e-04 5.5882567837e-04  2.7463729995e-04  8.3346297831e-04
  5.400e+01    4.040e+00   4.257e+00    4.5342841824e-04 5.1333917643e-04  2.5188695008e-04  7.6522612650e-04
  5.400e+01    4.242e+00   4.470e+00    3.7407177987e-04 4.7068420742e-04  2.2850547585e-04  6.9918968327e-04
  5.400e+01    4.444e+00   4.683e+00    2.9879559022e-04 4.2772228510e-04  2.0689388636e-04  6.3461617147e-04
  5.400e+01    4.646e+00   4.895e+00    2.5140522110e-04 3.9108444462e-04  1.7633448590e-04  5.6741893052e-04
  5.400e+01    4.848e+00   5.108e+00    2.1786974370e-04 3.3371840781e-04  1.5317290781e-04  4.8689131562e-04
  5.400e+01    5.050e+00   5.321e+00    1.8710036901e-04 2.9134497655e-04  1.3109543155e-04  4.2244040810e-04
  5.400e+01    5.252e+00   5.534e+00    1.5941137578e-04 2.5092570134e-04  1.1050747333e-04  3.6143317467e-04
  5.400e+01    5.454e+00   5.747e+00    1.3491374887e-04 2.1222872778e-04  9.1111876456e-05  3.0334060424e-04
  5.400e+01    5.656e+00   5.960e+00    1.1356857770e-04 1.7622488526e-04  7.3696503269e-05  2.4992138853e-04
  5.400e+01    5.858e+00   6.172e+00    9.5236202039e-05 1.4282463183e-04  5.9123403632e-05  2.0194803547e-04

  5.600e+01    2.020e+00   2.128e+00    3.0823504314e-04 2.4105736739e-04  1.7406878776e-04  4.1512615515e-04
  5.600e+01    2.222e+00   2.341e+00    4.0767001235e-04 4.1023481480e-04  2.8847998448e-04  6.9871479929e-04
  5.600e+01    2.424e+00   2.554e+00    7.5560564852e-04 6.8122318832e-04  3.5259619428e-04  1.0338193826e-03
  5.600e+01    2.626e+00   2.767e+00    8.6512802473e-04 7.1796393485e-04  3.4828194159e-04  1.0662458764e-03
  5.600e+01    2.828e+00   2.980e+00    8.4631448088e-04 6.7236420146e-04  3.3621131316e-04  1.0085755146e-03
  5.600e+01    3.030e+00   3.193e+00    7.8706762381e-04 6.3855306996e-04  3.2401635134e-04  9.6256942130e-04
  5.600e+01    3.232e+00   3.406e+00    7.2896634347e-04 6.1027265312e-04  3.0975672168e-04  9.2002937481e-04
  5.600e+01    3.434e+00   3.618e+00    6.3540523830e-04 5.7837522890e-04  2.9229547648e-04  8.7067070538e-04
  5.600e+01    3.636e+00   3.831e+00    5.6669445810e-04 5.4551560285e-04  2.7333680031e-04  8.1885240316e-04
  5.600e+01    3.838e+00   4.044e+00    4.9928184033e-04 5.0929741651e-04  2.5155953990e-04  7.6085695641e-04
  5.600e+01    4.040e+00   4.257e+00    4.2529212568e-04 4.6858345079e-04  2.3103400810e-04  6.9961745889e-04
  5.600e+01    4.242e+00   4.470e+00    3.5054948028e-04 4.3021343510e-04  2.0984499627e-04  6.4005843137e-04
  5.600e+01    4.444e+00   4.683e+00    2.7960043313e-04 3.9122554828e-04  1.9023334190e-04  5.8145889018e-04
  5.600e+01    4.646e+00   4.895e+00    2.4342312111e-04 3.5810581327e-04  1.6261682444e-04  5.2072263771e-04
  5.600e+01    4.848e+00   5.108e+00    2.1043321132e-04 3.0637651033e-04  1.4165903920e-04  4.4803554953e-04
  5.600e+01    5.050e+00   5.321e+00    1.8023826201e-04 2.6811318165e-04  1.2167396753e-04  3.8978714918e-04
  5.600e+01    5.252e+00   5.534e+00    1.5313232393e-04 2.3164275573e-04  1.0300587407e-04  3.3464862980e-04
  5.600e+01    5.454e+00   5.747e+00    1.2920836358e-04 1.9672568827e-04  8.5358173109e-05  2.8208386137e-04
  5.600e+01    5.656e+00   5.960e+00    1.0841542546e-04 1.6406521886e-04  6.9451362050e-05  2.3351658091e-04
  5.600e+01    5.858e+00   6.172e+00    9.0605256324e-05 1.3374055883e-04  5.5953030528e-05  1.8969358936e-04

  5.800e+01    2.020e+00   2.128e+00    3.0675490300e-04 2.2657964996e-04  1.5751569569e-04  3.8409534565e-04
  5.800e+01    2.222e+00   2.341e+00    3.7104332274e-04 3.6189203020e-04  2.5416481782e-04  6.1605684802e-04
  5.800e+01    2.424e+00   2.554e+00    6.5902317192e-04 5.9739518404e-04  3.1368357834e-04  9.1107876238e-04
  5.800e+01    2.626e+00   2.767e+00    7.7613896100e-04 6.4134793660e-04  3.1428966802e-04  9.5563760462e-04
  5.800e+01    2.828e+00   2.980e+00    7.7268848803e-04 6.0778405018e-04  3.0610210309e-04  9.1388615327e-04
  5.800e+01    3.030e+00   3.193e+00    7.2947740213e-04 5.8134155944e-04  2.9665706303e-04  8.7799862247e-04
  5.800e+01    3.232e+00   3.406e+00    6.7889335894e-04 5.5794636473e-04  2.8476681491e-04  8.4271317964e-04
  5.800e+01    3.434e+00   3.618e+00    5.9518357208e-04 5.3052009556e-04  2.6903084000e-04  7.9955093556e-04
  5.800e+01    3.636e+00   3.831e+00    5.3559860332e-04 5.0079396541e-04  2.5188378425e-04  7.5267774967e-04
  5.800e+01    3.838e+00   4.044e+00    4.7176652654e-04 4.6782201789e-04  2.3227481843e-04  7.0009683632e-04
  5.800e+01    4.040e+00   4.257e+00    4.0165961863e-04 4.3100428479e-04  2.1351360440e-04  6.4451788919e-04
  5.800e+01    4.242e+00   4.470e+00    3.3078920883e-04 3.9613322667e-04  1.9413669691e-04  5.9026992358e-04
  5.800e+01    4.444e+00   4.683e+00    2.7149803043e-04 3.6045946976e-04  1.7618218215e-04  5.3664165191e-04
  5.800e+01    4.646e+00   4.895e+00    2.3667946532e-04 3.3023124742e-04  1.5107136178e-04  4.8130260920e-04
  5.800e+01    4.848e+00   5.108e+00    2.0414869504e-04 2.8329408796e-04  1.3196840906e-04  4.1526249702e-04
  5.800e+01    5.050e+00   5.321e+00    1.7443907915e-04 2.4849711169e-04  1.1374997559e-04  3.6224708728e-04
  5.800e+01    5.252e+00   5.534e+00    1.4782669860e-04 2.1535881946e-04  9.6707872578e-05  3.1206669204e-04
  5.800e+01    5.454e+00   5.747e+00    1.2439094360e-04 1.8363916798e-04  8.0550438454e-05  2.6418960643e-04
  5.800e+01    5.656e+00   5.960e+00    1.0406884216e-04 1.5383005942e-04  6.5941216107e-05  2.1977127553e-04
  5.800e+01    5.858e+00   6.172e+00    8.6703633832e-05 1.2613376367e-04  5.3410344142e-05  1.7954410782e-04

  6.000e+01    2.020e+00   2.128e+00    3.0590611544e-04 2.1791302913e-04  1.4549536616e-04  3.6340839530e-04
  6.000e+01    2.222e+00   2.341e+00    3.5914028912e-04 3.2539382582e-04  2.2730506806e-04  5.5269889387e-04
  6.000e+01    2.424e+00   2.554e+00    5.8397008855e-04 5.3041883524e-04  2.8232253231e-04  8.1274136755e-04
  6.000e+01    2.626e+00   2.767e+00    7.0308807338e-04 5.7879809506e-04  2.8651246519e-04  8.6531056025e-04
  6.000e+01    2.828e+00   2.980e+00    7.1153011671e-04 5.5470356322e-04  2.8131061508e-04  8.3601417831e-04
  6.000e+01    3.030e+00   3.193e+00    6.8130871614e-04 5.3391486538e-04  2.7394653661e-04  8.0786140199e-04
  6.000e+01    3.232e+00   3.406e+00    6.3679539943e-04 5.1430840319e-04  2.6388470434e-04  7.7819310753e-04
  6.000e+01    3.434e+00   3.618e+00    5.6124125073e-04 4.9041611231e-04  2.4954668762e-04  7.3996279993e-04
  6.000e+01    3.636e+00   3.831e+00    5.0932051673e-04 4.6320101444e-04  2.3385715233e-04  6.9705816677e-04
  6.000e+01    3.838e+00   4.044e+00    4.4848170291e-04 4.3284662458e-04  2.1609927397e-04  6.4894589856e-04
  6.000e+01    4.040e+00   4.257e+00    3.8164757697e-04 3.9922127363e-04  1.9869404671e-04  5.9791532034e-04
  6.000e+01    4.242e+00   4.470e+00    3.1405409409e-04 3.6723522443e-04  1.8082426065e-04  5.4805948508e-04
  6.000e+01    4.444e+00   4.683e+00    2.6541369180e-04 3.3435900065e-04  1.6425045747e-04  4.9860945812e-04
  6.000e+01    4.646e+00   4.895e+00    2.3093815261e-04 3.0651141143e-04  1.4128462327e-04  4.4779603470e-04
  6.000e+01    4.848e+00   5.108e+00    1.9879532884e-04 2.6367268802e-04  1.2374975313e-04  3.8742244115e-04
  6.000e+01    5.050e+00   5.321e+00    1.6949897884e-04 2.3181895042e-04  1.0703375945e-04  3.3885270987e-04
  6.000e+01    5.252e+00   5.534e+00    1.4330910576e-04 2.0150578827e-04  9.1376180048e-05  2.9288196831e-04
  6.000e+01    5.454e+00   5.747e+00    1.2029116634e-04 1.7250742618e-04  7.6496345233e-05  2.4900377141e-04
  6.000e+01    5.656e+00   5.960e+00    1.0037274690e-04 1.4514373586e-04  6.3006873882e-05  2.0815060975e-04
  6.000e+01    5.858e+00   6.172e+00    8.3389745315e-05 1.1970536940e-04  5.1337444310e-05  1.7104281371e-04

  6.200e+01    2.020e+00   2.128e+00    3.0551073115e-04 2.1249701168e-04  1.3685568466e-04  3.4935269634e-04
  6.200e+01    2.222e+00   2.341e+00    3.5402997861e-04 2.9784246377e-04  2.0616634748e-04  5.0400881125e-04
  6.200e+01    2.424e+00   2.554e+00    5.2319916533e-04 4.7653592476e-04  2.5690293260e-04  7.3343885736e-04
  6.200e+01    2.626e+00   2.767e+00    6.4258849364e-04 5.2731812893e-04  2.6364999567e-04  7.9096812460e-04
  6.200e+01    2.828e+00   2.980e+00    6.6029267513e-04 5.1073893817e-04  2.6078101172e-04  7.7151994989e-04
  6.200e+01    3.030e+00   3.193e+00    6.4068814982e-04 4.9434862433e-04  2.5498344807e-04  7.4933207240e-04
  6.200e+01    3.232e+00   3.406e+00    6.0112140317e-04 4.7772219000e-04  2.4633198897e-04  7.2405417898e-04
  6.200e+01    3.434e+00   3.618e+00    5.3375288726e-04 4.5662029934e-04  2.3314473319e-04  6.8976503253e-04
  6.200e+01    3.636e+00   3.831e+00    4.8694475581e-04 4.3138746010e-04  2.1862232359e-04  6.5000978370e-04
  6.200e+01    3.838e+00   4.044e+00    4.2863044376e-04 4.0318936284e-04  2.0244315101e-04  6.0563251385e-04
  6.200e+01    4.040e+00   4.257e+00    3.6457455080e-04 3.7218408715e-04  1.8608533971e-04  5.5826942686e-04
  6.200e+01    4.242e+00   4.470e+00    2.9977498883e-04 3.4258893742e-04  1.6947442529e-04  5.1206336272e-04
  6.200e+01    4.444e+00   4.683e+00    2.6020030353e-04 3.1208779427e-04  1.5405562514e-04  4.6614341941e-04
  6.200e+01    4.646e+00   4.895e+00    2.2601479797e-04 2.8620485383e-04  1.3293538737e-04  4.1914024120e-04
  6.200e+01    4.848e+00   5.108e+00    1.9420293055e-04 2.4688702942e-04  1.1673266852e-04  3.6361969794e-04
  6.200e+01    5.050e+00   5.321e+00    1.6526139981e-04 2.1755251710e-04  1.0130150317e-04  3.1885402027e-04
  6.200e+01    5.252e+00   5.534e+00    1.3943463080e-04 1.8964191849e-04  8.6828461609e-05  2.7647038010e-04
  6.200e+01    5.454e+00   5.747e+00    1.1677670521e-04 1.6297219134e-04  7.3049506140e-05  2.3602169748e-04
  6.200e+01    5.656e+00   5.960e+00    9.7206838429e-05 1.3771681846e-04  6.0530237164e-05  1.9824705563e-04
  6.200e+01    5.858e+00   6.172e+00    8.0554225931e-05 1.1422799756e-04  4.9624129963e-05  1.6385212752e-04

  6.400e+01    2.020e+00   2.128e+00    3.0544009429e-04 2.0894343003e-04  1.3078799327e-04  3.3973142331e-04
  6.400e+01    2.222e+00   2.341e+00    3.5338152219e-04 2.7703378883e-04  1.8946823097e-04  4.6650201980e-04
  6.400e+01    2.424e+00   2.554e+00    4.7358977729e-04 4.3293202406e-04  2.3615393232e-04  6.6908595637e-04
  6.400e+01    2.626e+00   2.767e+00    5.9207078940e-04 4.8463813429e-04  2.4472157266e-04  7.2935970696e-04
  6.400e+01    2.828e+00   2.980e+00    6.1703013238e-04 4.7399092073e-04  2.4373739853e-04  7.1772831926e-04
  6.400e+01    3.030e+00   3.193e+00    6.0617364404e-04 4.6120630572e-04  2.3906587189e-04  7.0027217761e-04
  6.400e+01    3.232e+00   3.406e+00    5.7067502717e-04 4.4686947193e-04  2.3150532271e-04  6.7837479464e-04
  6.400e+01    3.434e+00   3.618e+00    5.1293058788e-04 4.2803754619e-04  2.1929913828e-04  6.4733668447e-04
  6.400e+01    3.636e+00   3.831e+00    4.6776020837e-04 4.0434716827e-04  2.0568119115e-04  6.1002835942e-04
  6.400e+01    3.838e+00   4.044e+00    4.1159028501e-04 3.7788239983e-04  1.9081111157e-04  5.6869351140e-04
  6.400e+01    4.040e+00   4.257e+00    3.4991095917e-04 3.4907227020e-04  1.7529749639e-04  5.2436976659e-04
  6.400e+01    4.242e+00   4.470e+00    2.9125919495e-04 3.2146556891e-04  1.5974656886e-04  4.8121213777e-04
  6.400e+01    4.444e+00   4.683e+00    2.5570381509e-04 2.9299405328e-04  1.4529580826e-04  4.3828986154e-04
  6.400e+01    4.646e+00   4.895e+00    2.2176490949e-04 2.6872349846e-04  1.2577154507e-04  3.9449504353e-04
  6.400e+01    4.848e+00   5.108e+00    1.9023738294e-04 2.3244630283e-04  1.1070508981e-04  3.4315139265e-04
  6.400e+01    5.050e+00   5.321e+00    1.6160179885e-04 2.0526770209e-04  9.6378529079e-05  3.0164623117e-04
  6.400e+01    5.252e+00   5.534e+00    1.3608978090e-04 1.7941951300e-04  8.2922832869e-05  2.6234234587e-04
  6.400e+01    5.454e+00   5.747e+00    1.1374435355e-04 1.5475209828e-04  7.0097007745e-05  2.2484910603e-04
  6.400e+01    5.656e+00   5.960e+00    9.4477143583e-05 1.3132361826e-04  5.8421236343e-05  1.8974485461e-04
  6.400e+01    5.858e+00   6.172e+00    7.8111532881e-05 1.0952602448e-04  4.8191017882e-05  1.5771704237e-04

  6.600e+01    2.020e+00   2.128e+00    3.0559995866e-04 2.0627259480e-04  1.2677372884e-04  3.3304632364e-04
  6.600e+01    2.222e+00   2.341e+00    3.5303497404e-04 2.6140339343e-04  1.7625592473e-04  4.3765931816e-04
  6.600e+01    2.424e+00   2.554e+00    4.3622635078e-04 3.9738670254e-04  2.1910435744e-04  6.1649105998e-04
  6.600e+01    2.626e+00   2.767e+00    5.4956383162e-04 4.4902258481e-04  2.2898196734e-04  6.7800455214e-04
  6.600e+01    2.828e+00   2.980e+00    5.8023500343e-04 4.4309970347e-04  2.2957977240e-04  6.7267947587e-04
  6.600e+01    3.030e+00   3.193e+00    5.7664504771e-04 4.3331447142e-04  2.2565306765e-04  6.5896753907e-04
  6.600e+01    3.232e+00   3.406e+00    5.4451672359e-04 4.2065307455e-04  2.1895419067e-04  6.3960726522e-04
  6.600e+01    3.434e+00   3.618e+00    4.9499943866e-04 4.0375021319e-04  2.0755231207e-04  6.1130252526e-04
  6.600e+01    3.636e+00   3.831e+00    4.5120865445e-04 3.8127143486e-04  1.9464865524e-04  5.7592009010e-04
  6.600e+01    3.838e+00   4.044e+00    3.9687146671e-04 3.5619022172e-04  1.8087535862e-04  5.3706558033e-04
  6.600e+01    4.040e+00   4.257e+00    3.3723714721e-04 3.2924107711e-04  1.6602507731e-04  4.9526615442e-04
  6.600e+01    4.242e+00   4.470e+00    2.8719703432e-04 3.0327213787e-04  1.5137079725e-04  4.5464293511e-04
  6.600e+01    4.444e+00   4.683e+00    2.5180225307e-04 2.7651542201e-04  1.3773064661e-04  4.1424606862e-04
  6.600e+01    4.646e+00   4.895e+00    2.1807481365e-04 2.5359622794e-04  1.1959351001e-04  3.7318973794e-04
  6.600e+01    4.848e+00   5.108e+00    1.8679304132e-04 2.1996157915e-04  1.0549928543e-04  3.2546086458e-04
  6.600e+01    5.050e+00   5.321e+00    1.5842346607e-04 1.9463098330e-04  9.2127863593e-05  2.8675884689e-04
  6.600e+01    5.252e+00   5.534e+00    1.3318487613e-04 1.7056261405e-04  7.9547682496e-05  2.5011029655e-04
  6.600e+01    5.454e+00   5.747e+00    1.1111226292e-04 1.4762434400e-04  6.7550768859e-05  2.1517511286e-04
  6.600e+01    5.656e+00   5.960e+00    9.2109282757e-05 1.2578623032e-04  5.6610698737e-05  1.8239692905e-04
  6.600e+01    5.858e+00   6.172e+00    7.5994348908e-05 1.0546245206e-04  4.6979534349e-05  1.5244198641e-04

  6.800e+01    2.020e+00   2.128e+00    3.0592133572e-04 2.0413728398e-04  1.2446322943e-04  3.2860051341e-04
  6.800e+01    2.222e+00   2.341e+00    3.5291066846e-04 2.4972509443e-04  1.6582036497e-04  4.1554545940e-04
  6.800e+01    2.424e+00   2.554e+00    4.0616751024e-04 3.6826222690e-04  2.0504181580e-04  5.7330404271e-04
  6.800e+01    2.626e+00   2.767e+00    5.1535084342e-04 4.1913358164e-04  2.1586987665e-04  6.3500345829e-04
  6.800e+01    2.828e+00   2.980e+00    5.4873231802e-04 4.1701567955e-04  2.1762947469e-04  6.3464515424e-04
  6.800e+01    3.030e+00   3.193e+00    5.5122191855e-04 4.0980663509e-04  2.1433410899e-04  6.2414074408e-04
  6.800e+01    3.232e+00   3.406e+00    5.2190782344e-04 3.9829077026e-04  2.0826564610e-04  6.0655641636e-04
  6.800e+01    3.434e+00   3.618e+00    4.7946738539e-04 3.8301396047e-04  1.9754403023e-04  5.8055799070e-04
  6.800e+01    3.636e+00   3.831e+00    4.3684564527e-04 3.6146140989e-04  1.8522214516e-04  5.4668355504e-04
  6.800e+01    3.838e+00   4.044e+00    3.8408610244e-04 3.3753727332e-04  1.7231697763e-04  5.0985425095e-04
  6.800e+01    4.040e+00   4.257e+00    3.2622206492e-04 3.1217763841e-04  1.5802407391e-04  4.7020171232e-04
  6.800e+01    4.242e+00   4.470e+00    2.8365654418e-04 2.8752688850e-04  1.4412979322e-04  4.3165668172e-04
  6.800e+01    4.444e+00   4.683e+00    2.4839776688e-04 2.6223859283e-04  1.3116707149e-04  3.9340566431e-04
  6.800e+01    4.646e+00   4.895e+00    2.1485280991e-04 2.4044805950e-04  1.1424272735e-04  3.5469078685e-04
  6.800e+01    4.848e+00   5.108e+00    1.8378512324e-04 2.0912162338e-04  1.0098045676e-04  3.1010208014e-04
  6.800e+01    5.050e+00   5.321e+00    1.5564706296e-04 1.8537716911e-04  8.8440527866e-05  2.7381769697e-04
  6.800e+01    5.252e+00   5.534e+00    1.3064842001e-04 1.6284994387e-04  7.6614362828e-05  2.3946430670e-04
  6.800e+01    5.454e+00   5.747e+00    1.0881472189e-04 1.4141088014e-04  6.5341321069e-05  2.0675220121e-04
  6.800e+01    5.656e+00   5.960e+00    9.0043613645e-05 1.2096282704e-04  5.5045408549e-05  1.7600823559e-04
  6.800e+01    5.858e+00   6.172e+00    7.5322089648e-05 1.0192891283e-04  4.5945826070e-05  1.4787473890e-04

  7.000e+01    2.020e+00   2.128e+00    3.0635362070e-04 2.0253678491e-04  1.2324782663e-04  3.2578461154e-04
  7.000e+01    2.222e+00   2.341e+00    3.5294867719e-04 2.4108767014e-04  1.5758971763e-04  3.9867738777e-04
  7.000e+01    2.424e+00   2.554e+00    3.9681433194e-04 3.4431043441e-04  1.9341930531e-04  5.3772973971e-04
  7.000e+01    2.626e+00   2.767e+00    4.8855046676e-04 3.9393378930e-04  2.0494928497e-04  5.9888307427e-04
  7.000e+01    2.828e+00   2.980e+00    5.2159379040e-04 3.9493028161e-04  2.0751898686e-04  6.0244926848e-04
  7.000e+01    3.030e+00   3.193e+00    5.2920617840e-04 3.8981442527e-04  2.0479745104e-04  5.9461187631e-04
  7.000e+01    3.232e+00   3.406e+00    5.0225794036e-04 3.7919414551e-04  1.9912627361e-04  5.7832041912e-04
  7.000e+01    3.434e+00   3.618e+00    4.6594215087e-04 3.6513629093e-04  1.8903208476e-04  5.5416837569e-04
  7.000e+01    3.636e+00   3.831e+00    4.2431709295e-04 3.4437633909e-04  1.7716736747e-04  5.2154370655e-04
  7.000e+01    3.838e+00   4.044e+00    3.7292138464e-04 3.2142994126e-04  1.6492183960e-04  4.8635178087e-04
  7.000e+01    4.040e+00   4.257e+00    3.1659785067e-04 2.9749024373e-04  1.5109926843e-04  4.4858951216e-04
  7.000e+01    4.242e+00   4.470e+00    2.8055436091e-04 2.7384440979e-04  1.3785045653e-04  4.1169486633e-04
  7.000e+01    4.444e+00   4.683e+00    2.4541180396e-04 2.4983778469e-04  1.2544868163e-04  3.7528646632e-04
  7.000e+01    4.646e+00   4.895e+00    2.1202569393e-04 2.2897334280e-04  1.0958818389e-04  3.3856152669e-04
  7.000e+01    4.848e+00   5.108e+00    1.8114475435e-04 1.9966163775e-04  9.7040154788e-05  2.9670179254e-04
  7.000e+01    5.050e+00   5.321e+00    1.5321054682e-04 1.7728954852e-04  8.5221469059e-05  2.6251101758e-04
  7.000e+01    5.252e+00   5.534e+00    1.2842223477e-04 1.5610310891e-04  7.4051649977e-05  2.3015475888e-04
  7.000e+01    5.454e+00   5.747e+00    1.0679896348e-04 1.3596807707e-04  6.3413396713e-05  1.9938147378e-04
  7.000e+01    5.656e+00   5.960e+00    8.8232466665e-05 1.1673952669e-04  5.3683497320e-05  1.7042302401e-04
  7.000e+01    5.858e+00   6.172e+00    7.5950342742e-05 9.8839039803e-05  4.5056456761e-05  1.4389549656e-04

  7.200e+01    2.020e+00   2.128e+00    3.0685914672e-04 2.0111950042e-04  1.2272877240e-04  3.2384827281e-04
  7.200e+01    2.222e+00   2.341e+00    3.5310400171e-04 2.3478587267e-04  1.5116888318e-04  3.8595475585e-04
  7.200e+01    2.424e+00   2.554e+00    3.9134725609e-04 3.2459629622e-04  1.8382422115e-04  5.0842051737e-04
  7.200e+01    2.626e+00   2.767e+00    4.6556470623e-04 3.7262468899e-04  1.9583660322e-04  5.6846129221e-04
  7.200e+01    2.828e+00   2.980e+00    5.0269612273e-04 3.7625872887e-04  1.9897050961e-04  5.7522923848e-04
  7.200e+01    3.030e+00   3.193e+00    5.1003900427e-04 3.7269176491e-04  1.9686748684e-04  5.6955925175e-04
  7.200e+01    3.232e+00   3.406e+00    4.8509366972e-04 3.6278851053e-04  1.9129649788e-04  5.5408500841e-04
  7.200e+01    3.434e+00   3.618e+00    4.5410672058e-04 3.4965979677e-04  1.8173051113e-04  5.3139030790e-04
  7.200e+01    3.636e+00   3.831e+00    4.1333567034e-04 3.2959932196e-04  1.7033445779e-04  4.9993377976e-04
  7.200e+01    3.838e+00   4.044e+00    3.6312551137e-04 3.0749525149e-04  1.5852140712e-04  4.6601665861e-04
  7.200e+01    4.040e+00   4.257e+00    3.1355475696e-04 2.8477018754e-04  1.4509497457e-04  4.2986516211e-04
  7.200e+01    4.242e+00   4.470e+00    2.7782307927e-04 2.6191665985e-04  1.3239855848e-04  3.9431521833e-04
  7.200e+01    4.444e+00   4.683e+00    2.4278098394e-04 2.3901661350e-04  1.2044791416e-04  3.5946452766e-04
  7.200e+01    4.646e+00   4.895e+00    2.0953308688e-04 2.1891894915e-04  1.0552060349e-04  3.2443955264e-04
  7.200e+01    4.848e+00   5.108e+00    1.7881620131e-04 1.9137458697e-04  9.3590522471e-05  2.8496510944e-04
  7.200e+01    5.050e+00   5.321e+00    1.5106139499e-04 1.7019232639e-04  8.2397854740e-05  2.5259018113e-04
  7.200e+01    5.252e+00   5.534e+00    1.2645955236e-04 1.5017650598e-04  7.1802044895e-05  2.2197855087e-04
  7.200e+01    5.454e+00   5.747e+00    1.0502238783e-04 1.3117890937e-04  6.1722406950e-05  1.9290131632e-04
  7.200e+01    5.656e+00   5.960e+00    8.6636615334e-05 1.1302426927e-04  5.2491696410e-05  1.6551596568e-04
  7.200e+01    5.858e+00   6.172e+00    7.6515686141e-05 9.6123112017e-05  4.4285578520e-05  1.4040869054e-04

  7.400e+01    2.020e+00   2.128e+00    3.0741048179e-04 1.9986481586e-04  1.2254811140e-04  3.2241292726e-04
  7.400e+01    2.222e+00   2.341e+00    3.5334321535e-04 2.3027085089e-04  1.4623118741e-04  3.7650203829e-04
  7.400e+01    2.424e+00   2.554e+00    3.9106936103e-04 3.0830201412e-04  1.7593129596e-04  4.8423331008e-04
  7.400e+01    2.626e+00   2.767e+00    4.4573869286e-04 3.5459393599e-04  1.8814518882e-04  5.4273912481e-04
  7.400e+01    2.828e+00   2.980e+00    4.8598923353e-04 3.6046905474e-04  1.9170147517e-04  5.5217052992e-04
  7.400e+01    3.030e+00   3.193e+00    4.9327069696e-04 3.5798915267e-04  1.9013305497e-04  5.4812220763e-04
  7.400e+01    3.232e+00   3.406e+00    4.7003093226e-04 3.4867490008e-04  1.8459292789e-04  5.3326782797e-04
  7.400e+01    3.434e+00   3.618e+00    4.4370393271e-04 3.3624720214e-04  1.7545471051e-04  5.1170191266e-04
  7.400e+01    3.636e+00   3.831e+00    4.0366749773e-04 3.1679074513e-04  1.6449126146e-04  4.8128200659e-04
  7.400e+01    3.838e+00   4.044e+00    3.5449284245e-04 2.9543317786e-04  1.5296501292e-04  4.4839819079e-04
  7.400e+01    4.040e+00   4.257e+00    3.1110107407e-04 2.7375390775e-04  1.3986813155e-04  4.1362203929e-04
  7.400e+01    4.242e+00   4.470e+00    2.7540868334e-04 2.5149791927e-04  1.2764539736e-04  3.7914331662e-04
  7.400e+01    4.444e+00   4.683e+00    2.4045298856e-04 2.2954077124e-04  1.1605998954e-04  3.4560076078e-04
  7.400e+01    4.646e+00   4.895e+00    2.0732631962e-04 2.1007856623e-04  1.0195431549e-04  3.1203288172e-04
  7.400e+01    4.848e+00   5.108e+00    1.7675418649e-04 1.8409282300e-04  9.0559748056e-05  2.7465257106e-04
  7.400e+01    5.050e+00   5.321e+00    1.4915816466e-04 1.6394311225e-04  7.9910458725e-05  2.4385357097e-04
  7.400e+01    5.252e+00   5.534e+00    1.2472141495e-04 1.4495095365e-04  6.9818730129e-05  2.1476968377e-04
  7.400e+01    5.454e+00   5.747e+00    1.0344953908e-04 1.2694686799e-04  6.0232238678e-05  1.8717910667e-04
  7.400e+01    5.656e+00   5.960e+00    8.5224770596e-05 1.0974178957e-04  5.1443328229e-05  1.6118511780e-04
  7.400e+01    5.858e+00   6.172e+00    7.7025578453e-05 9.3724851944e-05  4.3612874429e-05  1.3733772637e-04

  7.600e+01    2.020e+00   2.128e+00    3.0798735499e-04 1.9883340545e-04  1.2263322626e-04  3.2146663171e-04
  7.600e+01    2.222e+00   2.341e+00    3.5364068195e-04 2.2712554769e-04  1.4255858449e-04  3.6968413217e-04
  7.600e+01    2.424e+00   2.554e+00    3.9101243087e-04 2.9480990854e-04  1.6940216988e-04  4.6421207842e-04
  7.600e+01    2.626e+00   2.767e+00    4.3036341792e-04 3.3918789868e-04  1.8167640625e-04  5.2086430493e-04
  7.600e+01    2.828e+00   2.980e+00    4.7138235736e-04 3.4690723575e-04  1.8551595285e-04  5.3242318861e-04
  7.600e+01    3.030e+00   3.193e+00    4.7853535940e-04 3.4525755851e-04  1.8436979687e-04  5.2962735538e-04
  7.600e+01    3.232e+00   3.406e+00    4.6065322416e-04 3.3657686001e-04  1.7886618463e-04  5.1544304465e-04
  7.600e+01    3.434e+00   3.618e+00    4.3452324430e-04 3.2457486712e-04  1.7006618476e-04  4.9464105189e-04
  7.600e+01    3.636e+00   3.831e+00    3.9512184404e-04 3.0566977284e-04  1.5945092360e-04  4.6512069644e-04
  7.600e+01    3.838e+00   4.044e+00    3.4685450132e-04 2.8500472677e-04  1.4813360001e-04  4.3313832678e-04
  7.600e+01    4.040e+00   4.257e+00    3.0892480922e-04 2.6414858271e-04  1.3531025753e-04  3.9945884024e-04
  7.600e+01    4.242e+00   4.470e+00    2.7326430712e-04 2.4238414666e-04  1.2347911541e-04  3.6586326207e-04
  7.600e+01    4.444e+00   4.683e+00    2.3838377185e-04 2.2121833588e-04  1.1219832305e-04  3.3341665893e-04
  7.600e+01    4.646e+00   4.895e+00    2.0536437086e-04 2.0228480225e-04  9.8820339727e-05  3.0110514198e-04
  7.600e+01    4.848e+00   5.108e+00    1.7492052371e-04 1.7768177609e-04  8.7888831332e-05  2.6557060743e-04
  7.600e+01    5.050e+00   5.321e+00    1.4746564670e-04 1.5842307200e-04  7.7711219517e-05  2.3613429151e-04
  7.600e+01    5.252e+00   5.534e+00    1.2317592690e-04 1.4032573193e-04  6.8063305046e-05  2.0838903697e-04
  7.600e+01    5.454e+00   5.747e+00    1.0205167371e-04 1.2319278663e-04  5.8913700426e-05  1.8210648706e-04
  7.600e+01    5.656e+00   5.960e+00    8.3970152143e-05 1.0683052756e-04  5.0516954375e-05  1.5734748193e-04
  7.600e+01    5.858e+00   6.172e+00    7.7486436177e-05 9.1597938693e-05  4.3022271985e-05  1.3462021068e-04

  7.800e+01    2.020e+00   2.128e+00    3.0857480053e-04 1.9814736695e-04  1.2270438467e-04  3.2085175162e-04
  7.800e+01    2.222e+00   2.341e+00    3.5397708911e-04 2.2501345913e-04  1.3997525353e-04  3.6498871266e-04
  7.800e+01    2.424e+00   2.554e+00    3.9102706712e-04 2.8370155325e-04  1.6404133246e-04  4.4774288572e-04
  7.800e+01    2.626e+00   2.767e+00    4.2427632802e-04 3.2599167768e-04  1.7624340742e-04  5.0223508510e-04
  7.800e+01    2.828e+00   2.980e+00    4.5855672980e-04 3.3527193021e-04  1.8026314126e-04  5.1553507147e-04
  7.800e+01    3.030e+00   3.193e+00    4.6553350471e-04 3.3421002897e-04  1.7944205673e-04  5.1365208570e-04
  7.800e+01    3.232e+00   3.406e+00    4.5236433764e-04 3.2617924088e-04  1.7400477844e-04  5.0018401932e-04
  7.800e+01    3.434e+00   3.618e+00    4.2639107114e-04 3.1439962030e-04  1.6546966841e-04  4.7986928871e-04
  7.800e+01    3.636e+00   3.831e+00    3.8754009649e-04 2.9603483502e-04  1.5513038427e-04  4.5116521929e-04
  7.800e+01    3.838e+00   4.044e+00    3.4195908838e-04 2.7597687639e-04  1.4394109815e-04  4.1991797454e-04
  7.800e+01    4.040e+00   4.257e+00    3.0698751903e-04 2.5573757447e-04  1.3133428556e-04  3.8707186003e-04
  7.800e+01    4.242e+00   4.470e+00    2.7135324413e-04 2.3440910667e-04  1.1981683557e-04  3.5422594225e-04
  7.800e+01    4.444e+00   4.683e+00    2.3653839067e-04 2.1387960766e-04  1.0879092948e-04  3.2267053713e-04
  7.800e+01    4.646e+00   4.895e+00    2.0361354241e-04 1.9539392749e-04  9.6062733175e-05  2.9145666066e-04
  7.800e+01    4.848e+00   5.108e+00    1.7328420188e-04 1.7201321766e-04  8.5529404869e-05  2.5754262253e-04
  7.800e+01    5.050e+00   5.321e+00    1.4595528401e-04 1.5352917272e-04  7.5760482978e-05  2.2928965570e-04
  7.800e+01    5.252e+00   5.534e+00    1.2179691574e-04 1.3622023037e-04  6.6504304044e-05  2.0272453441e-04
  7.800e+01    5.454e+00   5.747e+00    1.0080419373e-04 1.1985116962e-04  5.7743932978e-05  1.7759510260e-04
  7.800e+01    5.656e+00   5.960e+00    8.3255230889e-05 1.0423856846e-04  4.9695868590e-05  1.5393443705e-04
  7.800e+01    5.858e+00   6.172e+00    7.7904021541e-05 8.9704744821e-05  4.2500952304e-05  1.3220569712e-04
  Took 4319.619705 seconds
