  r_x          E_1         E_2          E_PEAK(eV)       E_e1(eV)          E_e2(eV)          E_tot(eV)

  4.000e+01    2.020e+00   2.128e+00    3.3633067876e-03 1.0016438101e-02  6.9608900823e-03  1.6977328184e-02
  4.000e+01    2.222e+00   2.341e+00    5.2966958977e-03 1.3158507537e-02  9.3655347699e-03  2.2524042307e-02
  4.000e+01    2.424e+00   2.554e+00    8.9954553028e-03 1.7892973669e-02  1.3266139541e-02  3.1159113211e-02
  4.000e+01    2.626e+00   2.767e+00    1.6835908585e-02 2.5484158778e-02  2.0356434314e-02  4.5840593093e-02
  4.000e+01    2.828e+00   2.980e+00    3.4344622366e-02 3.7245256114e-02  3.3173734191e-02  7.0418990305e-02
  4.000e+01    3.030e+00   3.193e+00    6.3872145728e-02 5.8544441355e-02  3.1541510933e-02  9.0085952288e-02
  4.000e+01    3.232e+00   3.406e+00    5.5204858209e-02 7.0807731998e-02  2.2756524710e-02  9.3564256708e-02
  4.000e+01    3.434e+00   3.618e+00    2.9854868966e-02 4.8351687986e-02  1.8600516330e-02  6.6952204316e-02
  4.000e+01    3.636e+00   3.831e+00    1.7564823433e-02 3.3618737941e-02  1.4432771866e-02  4.8051509807e-02
  4.000e+01    3.838e+00   4.044e+00    1.1305639278e-02 2.5554508104e-02  1.1612621291e-02  3.7167129394e-02
  4.000e+01    4.040e+00   4.257e+00    8.0713017378e-03 2.0503693391e-02  9.6478126226e-03  3.0151506014e-02
  4.000e+01    4.242e+00   4.470e+00    5.7093267964e-03 1.6978654164e-02  8.2174320614e-03  2.5196086225e-02
  4.000e+01    4.444e+00   4.683e+00    4.4529676132e-03 1.4427994675e-02  7.0373943442e-03  2.1465389019e-02
  4.000e+01    4.646e+00   4.895e+00    3.3612215910e-03 1.2282704506e-02  6.2495188789e-03  1.8532223385e-02
  4.000e+01    4.848e+00   5.108e+00    2.4650852090e-03 1.0840197077e-02  5.5307116309e-03  1.6370908708e-02
  4.000e+01    5.050e+00   5.321e+00    1.9032487400e-03 9.5350301951e-03  5.0075267319e-03  1.4542556927e-02
  4.000e+01    5.252e+00   5.534e+00    1.5981494933e-03 8.4911886101e-03  4.5515940766e-03  1.3042782687e-02
  4.000e+01    5.454e+00   5.747e+00    1.3350882685e-03 7.6730039657e-03  4.1784310279e-03  1.1851434994e-02
  4.000e+01    5.656e+00   5.960e+00    1.1141231425e-03 6.9847024143e-03  3.8710422630e-03  1.0855744677e-02
  4.000e+01    5.858e+00   6.172e+00    9.3356821083e-04 6.4278995809e-03  3.6148605336e-03  1.0042760114e-02

  4.200e+01    2.020e+00   2.128e+00    2.3057050642e-03 7.3348179525e-03  5.1470290071e-03  1.2481846960e-02
  4.200e+01    2.222e+00   2.341e+00    3.7146002178e-03 9.6676253519e-03  6.9541573380e-03  1.6621782690e-02
  4.200e+01    2.424e+00   2.554e+00    6.4545485253e-03 1.3240883413e-02  9.9312752696e-03  2.3172158683e-02
  4.200e+01    2.626e+00   2.767e+00    1.2345312207e-02 1.9147379270e-02  1.5511599591e-02  3.4658978860e-02
  4.200e+01    2.828e+00   2.980e+00    2.6144283482e-02 2.9083580727e-02  2.6600827948e-02  5.5684408675e-02
  4.200e+01    3.030e+00   3.193e+00    5.1448412721e-02 4.9131712461e-02  2.7045614840e-02  7.6177327301e-02
  4.200e+01    3.232e+00   3.406e+00    4.4148655692e-02 5.8787327697e-02  1.8255797545e-02  7.7043125243e-02
  4.200e+01    3.434e+00   3.618e+00    2.3325980315e-02 3.7728229588e-02  1.4394513749e-02  5.2122743337e-02
  4.200e+01    3.636e+00   3.831e+00    1.3698462699e-02 2.5851905716e-02  1.1044347927e-02  3.6896253642e-02
  4.200e+01    3.838e+00   4.044e+00    8.8484308088e-03 1.9622704167e-02  8.8600180276e-03  2.8482722195e-02
  4.200e+01    4.040e+00   4.257e+00    6.3329461659e-03 1.5744998442e-02  7.3538287591e-03  2.3098827201e-02
  4.200e+01    4.242e+00   4.470e+00    4.4848760173e-03 1.3048352094e-02  6.2580312503e-03  1.9306383344e-02
  4.200e+01    4.444e+00   4.683e+00    3.5058591824e-03 1.1081245976e-02  5.3380959190e-03  1.6419341895e-02
  4.200e+01    4.646e+00   4.895e+00    2.6474279395e-03 9.4404675555e-03  4.7398155796e-03  1.4180283135e-02
  4.200e+01    4.848e+00   5.108e+00    1.9379624321e-03 8.2965057209e-03  4.1852234976e-03  1.2481729219e-02
  4.200e+01    5.050e+00   5.321e+00    1.4834454339e-03 7.2728295299e-03  3.7796528707e-03  1.1052482401e-02
  4.200e+01    5.252e+00   5.534e+00    1.2403884822e-03 6.4468801318e-03  3.4259956576e-03  9.8728757894e-03
  4.200e+01    5.454e+00   5.747e+00    1.0306426958e-03 5.8050110514e-03  3.1372502400e-03  8.9422612914e-03
  4.200e+01    5.656e+00   5.960e+00    8.5452727812e-04 5.2636766281e-03  2.9004191272e-03  8.1640957552e-03
  4.200e+01    5.858e+00   6.172e+00    7.1084192974e-04 4.8280359093e-03  2.7041846462e-03  7.5322205556e-03

  4.400e+01    2.020e+00   2.128e+00    1.5792087521e-03 5.4424293815e-03  3.8526612083e-03  9.2950905898e-03
  4.400e+01    2.222e+00   2.341e+00    2.6098320686e-03 7.1870222047e-03  5.2207173672e-03  1.2407739572e-02
  4.400e+01    2.424e+00   2.554e+00    4.6488398726e-03 9.8971038484e-03  7.5032979320e-03  1.7400401780e-02
  4.400e+01    2.626e+00   2.767e+00    9.0972943683e-03 1.4488661415e-02  1.1884878660e-02  2.6373540075e-02
  4.400e+01    2.828e+00   2.980e+00    1.9924909074e-02 2.2737333214e-02  2.1249340440e-02  4.3986673655e-02
  4.400e+01    3.030e+00   3.193e+00    4.1243952278e-02 4.0973090406e-02  2.3032301259e-02  6.4005391665e-02
  4.400e+01    3.232e+00   3.406e+00    3.5421208069e-02 4.8590600652e-02  1.4723230532e-02  6.3313831184e-02
  4.400e+01    3.434e+00   3.618e+00    1.8368973447e-02 2.9611884324e-02  1.1233454183e-02  4.0845338507e-02
  4.400e+01    3.636e+00   3.831e+00    1.0814288945e-02 2.0105622742e-02  8.5542659980e-03  2.8659888740e-02
  4.400e+01    3.838e+00   4.044e+00    7.0235309020e-03 1.5273265001e-02  6.8545084376e-03  2.2127773438e-02
  4.400e+01    4.040e+00   4.257e+00    5.0470039144e-03 1.2271702804e-02  5.6884242547e-03  1.7960127058e-02
  4.400e+01    4.242e+00   4.470e+00    3.5825565475e-03 1.0185577668e-02  4.8393031945e-03  1.5024880862e-02
  4.400e+01    4.444e+00   4.683e+00    2.8067283319e-03 8.6488255472e-03  4.1121055463e-03  1.2760931093e-02
  4.400e+01    4.646e+00   4.895e+00    2.1203608182e-03 7.3803044799e-03  3.6506703954e-03  1.1030974875e-02
  4.400e+01    4.848e+00   5.108e+00    1.5493273186e-03 6.4560341853e-03  3.2172911304e-03  9.6733253157e-03
  4.400e+01    5.050e+00   5.321e+00    1.1766158761e-03 5.6396075970e-03  2.8969597663e-03  8.5365673633e-03
  4.400e+01    5.252e+00   5.534e+00    9.7924502407e-04 4.9759107671e-03  2.6177060246e-03  7.5936167917e-03
  4.400e+01    5.454e+00   5.747e+00    8.0888678913e-04 4.4616266701e-03  2.3903106765e-03  6.8519373466e-03
  4.400e+01    5.656e+00   5.960e+00    6.6599238536e-04 4.0280084269e-03  2.2046361912e-03  6.2326446181e-03
  4.400e+01    5.858e+00   6.172e+00    5.4966064653e-04 3.6806739054e-03  2.0517231698e-03  5.7323970753e-03

  4.600e+01    2.020e+00   2.128e+00    1.0771648283e-03 4.0927938185e-03  2.9189423767e-03  7.0117361951e-03
  4.600e+01    2.222e+00   2.341e+00    1.8333548319e-03 5.4064592830e-03  3.9623361374e-03  9.3687954204e-03
  4.600e+01    2.424e+00   2.554e+00    3.3577634514e-03 7.4728777928e-03  5.7223027698e-03  1.3195180563e-02
  4.600e+01    2.626e+00   2.767e+00    6.7363854272e-03 1.1047435577e-02  9.1659344160e-03  2.0213369993e-02
  4.600e+01    2.828e+00   2.980e+00    1.5300748654e-02 1.7817485722e-02  1.6954351704e-02  3.4771837426e-02
  4.600e+01    3.030e+00   3.193e+00    3.3060787725e-02 3.4012877939e-02  1.9457088564e-02  5.3469966503e-02
  4.600e+01    3.232e+00   3.406e+00    2.8388492054e-02 4.0045470276e-02  1.1924241294e-02  5.1969711570e-02
  4.600e+01    3.434e+00   3.618e+00    1.4597551146e-02 2.3406045604e-02  8.8445606207e-03  3.2250606225e-02
  4.600e+01    3.636e+00   3.831e+00    8.6426154339e-03 1.5825088283e-02  6.7051774860e-03  2.2530265769e-02
  4.600e+01    3.838e+00   4.044e+00    5.6516871864e-03 1.2045209609e-02  5.3743924267e-03  1.7419602036e-02
  4.600e+01    4.040e+00   4.257e+00    4.0819760748e-03 9.7082021858e-03  4.4621311075e-03  1.4170333293e-02
  4.600e+01    4.242e+00   4.470e+00    2.9069786687e-03 8.0695002182e-03  3.7967529021e-03  1.1866253120e-02
  4.600e+01    4.444e+00   4.683e+00    2.2823423872e-03 6.8555442914e-03  3.2188932896e-03  1.0074437581e-02
  4.600e+01    4.646e+00   4.895e+00    1.7248980216e-03 5.8615023185e-03  2.8531886783e-03  8.7146909968e-03
  4.600e+01    4.848e+00   5.108e+00    1.2581755899e-03 5.1030042694e-03  2.5102090367e-03  7.6132133060e-03
  4.600e+01    5.050e+00   5.321e+00    9.4857780228e-04 4.4417937397e-03  2.2527238607e-03  6.6945176004e-03
  4.600e+01    5.252e+00   5.534e+00    7.8543531699e-04 3.9009042945e-03  2.0284830925e-03  5.9293873870e-03
  4.600e+01    5.454e+00   5.747e+00    6.4468587691e-04 3.4806332998e-03  1.8463617390e-03  5.3269950388e-03
  4.600e+01    5.656e+00   5.960e+00    5.2682296211e-04 3.1273134562e-03  1.6983584422e-03  4.8256718984e-03
  4.600e+01    5.858e+00   6.172e+00    4.3113607776e-04 2.8453564856e-03  1.5772269466e-03  4.4225834322e-03

  4.800e+01    2.020e+00   2.128e+00    7.2890892708e-04 3.1210823320e-03  2.2384856137e-03  5.3595679457e-03
  4.800e+01    2.222e+00   2.341e+00    1.2846481386e-03 4.1163911051e-03  3.0399957912e-03  7.1563868963e-03
  4.800e+01    2.424e+00   2.554e+00    2.4290084693e-03 5.7002657605e-03  4.4052496449e-03  1.0105515405e-02
  4.800e+01    2.626e+00   2.767e+00    5.0099931629e-03 8.4907947361e-03  7.1196984978e-03  1.5610493234e-02
  4.800e+01    2.828e+00   2.980e+00    1.1802231979e-02 1.4009114553e-02  1.3539383714e-02  2.7548498268e-02
  4.800e+01    3.030e+00   3.193e+00    2.6477795406e-02 2.8169725315e-02  1.6326549392e-02  4.4496274707e-02
  4.800e+01    3.232e+00   3.406e+00    2.2896334947e-02 3.2957458931e-02  9.6952257499e-03  4.2652684680e-02
  4.800e+01    3.434e+00   3.618e+00    1.1712864151e-02 1.8645449485e-02  7.0275197667e-03  2.5672969252e-02
  4.800e+01    3.636e+00   3.831e+00    6.9905298328e-03 1.2601322274e-02  5.3174252879e-03  1.7918747562e-02
  4.800e+01    3.838e+00   4.044e+00    4.6077702996e-03 9.6221469089e-03  4.2682748371e-03  1.3890421746e-02
  4.800e+01    4.040e+00   4.257e+00    3.3477409667e-03 7.7877308709e-03  3.5469273468e-03  1.1334658218e-02
  4.800e+01    4.242e+00   4.470e+00    2.3936150397e-03 6.4890589272e-03  3.0198688756e-03  9.5089278028e-03
  4.800e+01    4.444e+00   4.683e+00    1.8831332555e-03 5.5158671392e-03  2.5577708181e-03  8.0736379573e-03
  4.800e+01    4.646e+00   4.895e+00    1.4237207892e-03 4.7263148397e-03  2.2618443366e-03  6.9881591763e-03
  4.800e+01    4.848e+00   5.108e+00    1.0367697677e-03 4.0932473700e-03  1.9861937543e-03  6.0794411243e-03
  4.800e+01    5.050e+00   5.321e+00    7.7646419036e-04 3.5503514363e-03  1.7758915812e-03  5.3262430175e-03
  4.800e+01    5.252e+00   5.534e+00    6.3937502177e-04 3.1036799090e-03  1.5929933873e-03  4.6966732963e-03
  4.800e+01    5.454e+00   5.747e+00    5.2124215317e-04 2.7543976744e-03  1.4447764556e-03  4.1991741300e-03
  4.800e+01    5.656e+00   5.960e+00    4.2254447708e-04 2.4616822990e-03  1.3249238012e-03  3.7866061002e-03
  4.800e+01    5.858e+00   6.172e+00    3.4268562135e-04 2.2288233858e-03  1.2274361414e-03  3.4562595272e-03

  5.000e+01    2.020e+00   2.128e+00    4.8705523032e-04 2.4156467509e-03  1.7379061145e-03  4.1535528654e-03
  5.000e+01    2.222e+00   2.341e+00    8.9536934752e-04 3.1737693380e-03  2.3577371873e-03  5.5315065252e-03
  5.000e+01    2.424e+00   2.554e+00    1.7571674258e-03 4.3935250526e-03  3.4232177506e-03  7.8167428032e-03
  5.000e+01    2.626e+00   2.767e+00    3.7396481714e-03 6.5793090603e-03  5.5716113248e-03  1.2150920385e-02
  5.000e+01    2.828e+00   2.980e+00    9.1386925192e-03 1.1060908027e-02  1.0838547884e-02  2.1899455911e-02
  5.000e+01    3.030e+00   3.193e+00    2.1263518849e-02 2.3286190725e-02  1.3636022523e-02  3.6922213248e-02
  5.000e+01    3.232e+00   3.406e+00    1.8525265755e-02 2.7125414197e-02  7.9150976982e-03  3.5040511895e-02
  5.000e+01    3.434e+00   3.618e+00    9.4907026630e-03 1.4975412816e-02  5.6354948636e-03  2.0610907680e-02
  5.000e+01    3.636e+00   3.831e+00    5.7204013810e-03 1.0144946666e-02  4.2648808641e-03  1.4409827530e-02
  5.000e+01    3.838e+00   4.044e+00    3.8038225970e-03 7.7841256452e-03  3.4316201164e-03  1.1215745762e-02
  5.000e+01    4.040e+00   4.257e+00    2.7817628474e-03 6.3287094463e-03  2.8551220002e-03  9.1838314465e-03
  5.000e+01    4.242e+00   4.470e+00    1.9980729592e-03 5.2908045094e-03  2.4332812915e-03  7.7240858009e-03
  5.000e+01    4.444e+00   4.683e+00    1.5749695050e-03 4.5001446330e-03  2.0615479088e-03  6.5616925419e-03
  5.000e+01    4.646e+00   4.895e+00    1.1911419861e-03 3.8659022046e-03  1.8179376914e-03  5.6838398959e-03
  5.000e+01    4.848e+00   5.108e+00    8.6604609826e-04 3.3316325879e-03  1.5927938749e-03  4.9244264627e-03
  5.000e+01    5.050e+00   5.321e+00    6.4468360396e-04 2.8813911303e-03  1.4183353521e-03  4.2997264823e-03
  5.000e+01    5.252e+00   5.534e+00    5.2772799393e-04 2.5058689160e-03  1.2670126503e-03  3.7728815663e-03
  5.000e+01    5.454e+00   5.747e+00    4.2712626647e-04 2.2101067938e-03  1.1445535132e-03  3.3546603070e-03
  5.000e+01    5.656e+00   5.960e+00    3.4331883659e-04 1.9635243627e-03  1.0460310524e-03  3.0095554151e-03
  5.000e+01    5.858e+00   6.172e+00    2.7577464676e-04 1.7680302766e-03  9.6636259810e-04  2.7343928747e-03

  5.200e+01    2.020e+00   2.128e+00    3.1945784528e-04 1.8998998408e-03  1.3664848289e-03  3.2663846698e-03
  5.200e+01    2.222e+00   2.341e+00    6.1862605712e-04 2.4798524790e-03  1.8487268961e-03  4.3285793750e-03
  5.200e+01    2.424e+00   2.554e+00    1.2688909077e-03 3.4228995252e-03  2.6850440966e-03  6.1079436217e-03
  5.200e+01    2.626e+00   2.767e+00    2.7991671760e-03 5.1408789282e-03  4.3933016760e-03  9.5341806043e-03
  5.200e+01    2.828e+00   2.980e+00    7.1057968550e-03 8.7753271683e-03  8.7072790632e-03  1.7482606231e-02
  5.200e+01    3.030e+00   3.193e+00    1.7102005273e-02 1.9218179655e-02  1.1359450833e-02  3.0577630488e-02
  5.200e+01    3.232e+00   3.406e+00    1.5058927865e-02 2.2354718423e-02  6.4905828802e-03  2.8845301303e-02
  5.200e+01    3.434e+00   3.618e+00    7.7651462081e-03 1.2128905597e-02  4.5609221342e-03  1.6689827731e-02
  5.200e+01    3.636e+00   3.831e+00    4.7335992072e-03 8.2545768199e-03  3.4583100153e-03  1.1712886835e-02
  5.200e+01    3.838e+00   4.044e+00    3.1775104326e-03 6.3719760858e-03  2.7914222150e-03  9.1633983007e-03
  5.200e+01    4.040e+00   4.257e+00    2.3400568203e-03 5.2064408003e-03  2.3261042475e-03  7.5325450478e-03
  5.200e+01    4.242e+00   4.470e+00    1.6893509504e-03 4.3690540802e-03  1.9857003545e-03  6.3547544347e-03
  5.200e+01    4.444e+00   4.683e+00    1.3339927324e-03 3.7239913769e-03  1.6848847564e-03  5.4088761333e-03
  5.200e+01    4.646e+00   4.895e+00    1.0091999961e-03 3.2032614798e-03  1.4811300262e-03  4.6843915060e-03
  5.200e+01    4.848e+00   5.108e+00    7.3268685094e-04 2.7532373129e-03  1.2954196095e-03  4.0486569224e-03
  5.200e+01    5.050e+00   5.321e+00    5.4243611542e-04 2.3732645684e-03  1.1469364421e-03  3.5202010105e-03
  5.200e+01    5.252e+00   5.534e+00    4.4125246357e-04 2.0533103333e-03  1.0201113089e-03  3.0734216422e-03
  5.200e+01    5.454e+00   5.747e+00    3.5442840374e-04 1.7972036669e-03  9.1750642540e-04  2.7147100923e-03
  5.200e+01    5.656e+00   5.960e+00    2.8234967823e-04 1.5863214835e-03  8.3535944525e-04  2.4216809287e-03
  5.200e+01    5.858e+00   6.172e+00    2.2451574327e-04 1.4196478811e-03  7.6928506555e-04  2.1889329466e-03

  5.400e+01    2.020e+00   2.128e+00    2.3370609671e-04 1.5206624037e-03  1.0887698570e-03  2.6094322606e-03
  5.400e+01    2.222e+00   2.341e+00    4.2193463953e-04 1.9657249581e-03  1.4659647432e-03  3.4316897013e-03
  5.400e+01    2.424e+00   2.554e+00    9.1277381259e-04 2.6969585121e-03  2.1258627215e-03  4.8228212336e-03
  5.400e+01    2.626e+00   2.767e+00    2.1108194279e-03 4.0514944547e-03  3.4906817187e-03  7.5421761734e-03
  5.400e+01    2.828e+00   2.980e+00    5.5482845852e-03 6.9990351077e-03  7.0253878698e-03  1.4024422978e-02
  5.400e+01    3.030e+00   3.193e+00    1.3802683549e-02 1.5853009961e-02  9.4555972342e-03  2.5308607196e-02
  5.400e+01    3.232e+00   3.406e+00    1.2304205620e-02 1.8466664390e-02  5.3483159564e-03  2.3814980347e-02
  5.400e+01    3.434e+00   3.618e+00    6.4139401983e-03 9.9062289960e-03  3.7248903170e-03  1.3631119313e-02
  5.400e+01    3.636e+00   3.831e+00    3.9590119828e-03 6.7875656866e-03  2.8340139226e-03  9.6215796092e-03
  5.400e+01    3.838e+00   4.044e+00    2.6841794701e-03 5.2742371207e-03  2.2975347377e-03  7.5717718584e-03
  5.400e+01    4.040e+00   4.257e+00    1.9913156259e-03 4.3340225155e-03  1.9189289863e-03  6.2529515018e-03
  5.400e+01    4.242e+00   4.470e+00    1.4454731139e-03 3.6525403232e-03  1.6403675723e-03  5.2929078954e-03
  5.400e+01    4.444e+00   4.683e+00    1.1432725338e-03 3.1212501534e-03  1.3945911670e-03  4.5158413204e-03
  5.400e+01    4.646e+00   4.895e+00    8.6514665903e-04 2.6868769133e-03  1.2222975229e-03  3.9091744362e-03
  5.400e+01    4.848e+00   5.108e+00    6.2725154631e-04 2.3053393357e-03  1.0670404721e-03  3.3723798078e-03
  5.400e+01    5.050e+00   5.321e+00    4.6210980760e-04 1.9804284507e-03  9.3857173898e-04  2.9190001897e-03
  5.400e+01    5.252e+00   5.534e+00    3.7344361999e-04 1.7065479342e-03  8.3103669151e-04  2.5375846257e-03
  5.400e+01    5.454e+00   5.747e+00    2.9758833969e-04 1.4812151479e-03  7.4396168617e-04  2.2251768341e-03
  5.400e+01    5.656e+00   5.960e+00    2.3486501747e-04 1.2975454500e-03  6.7454473204e-04  1.9720901821e-03
  5.400e+01    5.858e+00   6.172e+00    1.8478447759e-04 1.1534354213e-03  6.1896247101e-04  1.7723978923e-03

  5.600e+01    2.020e+00   2.128e+00    2.2048955055e-04 1.2405863407e-03  8.7970723329e-04  2.1202935740e-03
  5.600e+01    2.222e+00   2.341e+00    2.8922279537e-04 1.5827698971e-03  1.1760685604e-03  2.7588384575e-03
  5.600e+01    2.424e+00   2.554e+00    6.5249838127e-04 2.1506933251e-03  1.6991741096e-03  3.8498674347e-03
  5.600e+01    2.626e+00   2.767e+00    1.5917966224e-03 3.2213969623e-03  2.7947481211e-03  6.0161450834e-03
  5.600e+01    2.828e+00   2.980e+00    4.3495873591e-03 5.6140688097e-03  5.6958979266e-03  1.1309966736e-02
  5.600e+01    3.030e+00   3.193e+00    1.1194411255e-02 1.3085353604e-02  7.8763355296e-03  2.0961689133e-02
  5.600e+01    3.232e+00   3.406e+00    1.0128270666e-02 1.5303716400e-02  4.4301349098e-03  1.9733851310e-02
  5.600e+01    3.434e+00   3.618e+00    5.3468323628e-03 8.1583553930e-03  3.0693163000e-03  1.1227671693e-02
  5.600e+01    3.636e+00   3.831e+00    3.3449710698e-03 5.6363468982e-03  2.3460923340e-03  7.9824392322e-03
  5.600e+01    3.838e+00   4.044e+00    2.2915113991e-03 4.4115677718e-03  1.9122721754e-03  6.3238399472e-03
  5.600e+01    4.040e+00   4.257e+00    1.7129586329e-03 3.6474179975e-03  1.6024763024e-03  5.2498942999e-03
  5.600e+01    4.242e+00   4.470e+00    1.2506462025e-03 3.0880456135e-03  1.3707751846e-03  4.4588207981e-03
  5.600e+01    4.444e+00   4.683e+00    9.9062512756e-04 2.6460972224e-03  1.1680131569e-03  3.8141103793e-03
  5.600e+01    4.646e+00   4.895e+00    7.4980394505e-04 2.2790598016e-03  1.0212030970e-03  3.3002628986e-03
  5.600e+01    4.848e+00   5.108e+00    5.4294597604e-04 1.9538568436e-03  8.8931979312e-04  2.8431766367e-03
  5.600e+01    5.050e+00   5.321e+00    3.9827257075e-04 1.6741606835e-03  7.7770227805e-04  2.4518629615e-03
  5.600e+01    5.252e+00   5.534e+00    3.1966049986e-04 1.4370551651e-03  6.8474128748e-04  2.1217964526e-03
  5.600e+01    5.454e+00   5.747e+00    2.5264114122e-04 1.2362328014e-03  6.0999356287e-04  1.8462263643e-03
  5.600e+01    5.656e+00   5.960e+00    1.9746751095e-04 1.0741331051e-03  5.5059274529e-04  1.6247258504e-03
  5.600e+01    5.858e+00   6.172e+00    1.5364982674e-04 9.4798633027e-04  5.0320119349e-04  1.4511875238e-03

  5.800e+01    2.020e+00   2.128e+00    2.1419035862e-04 1.0331690672e-03  7.2140427468e-04  1.7545733418e-03
  5.800e+01    2.222e+00   2.341e+00    2.4313440131e-04 1.2963369147e-03  9.5509581293e-04  2.2514327276e-03
  5.800e+01    2.424e+00   2.554e+00    4.6219881983e-04 1.7374603918e-03  1.3713747426e-03  3.1088351344e-03
  5.800e+01    2.626e+00   2.767e+00    1.2002220804e-03 2.5852477475e-03  2.2547349487e-03  4.8399826962e-03
  5.800e+01    2.828e+00   2.980e+00    3.4226001626e-03 4.5301816506e-03  4.6420207099e-03  9.1722023605e-03
  5.800e+01    3.030e+00   3.193e+00    9.1135780672e-03 1.0818147463e-02  6.5730321976e-03  1.7391179661e-02
  5.800e+01    3.232e+00   3.406e+00    8.3864885631e-03 1.2731259336e-02  3.6898869519e-03  1.6421146288e-02
  5.800e+01    3.434e+00   3.618e+00    4.4970000946e-03 6.7739509497e-03  2.5512410216e-03  9.3251919713e-03
  5.800e+01    3.636e+00   3.831e+00    2.8535584157e-03 4.7244733871e-03  1.9611959379e-03  6.6856693250e-03
  5.800e+01    3.838e+00   4.044e+00    1.9758474689e-03 3.7270309211e-03  1.6083135808e-03  5.3353445019e-03
  5.800e+01    4.040e+00   4.257e+00    1.4884913718e-03 3.1009619233e-03  1.3531412701e-03  4.4541031934e-03
  5.800e+01    4.242e+00   4.470e+00    1.0933610219e-03 2.6378694540e-03  1.1582506950e-03  3.7961201490e-03
  5.800e+01    4.444e+00   4.683e+00    8.6716597536e-04 2.2668192430e-03  9.8951693912e-04  3.2563361822e-03
  5.800e+01    4.646e+00   4.895e+00    6.5648331065e-04 1.9535916945e-03  8.6304912856e-04  2.8166408231e-03
  5.800e+01    4.848e+00   5.108e+00    4.7482854963e-04 1.6746852692e-03  7.4943211550e-04  2.4241173847e-03
  5.800e+01    5.050e+00   5.321e+00    3.4698856755e-04 1.4320767867e-03  6.5226084800e-04  2.0843376347e-03
  5.800e+01    5.252e+00   5.534e+00    2.7654199245e-04 1.2251120896e-03  5.7043838408e-04  1.7955504736e-03
  5.800e+01    5.454e+00   5.747e+00    2.1671950279e-04 1.0441086512e-03  5.0561590389e-04  1.5497245551e-03
  5.800e+01    5.656e+00   5.960e+00    1.6770568882e-04 8.9969329879e-04  4.5418983557e-04  1.3538831344e-03
  5.800e+01    5.858e+00   6.172e+00    1.2900112666e-04 7.8795000657e-04  4.1326591481e-04  1.2012159214e-03

  6.000e+01    2.020e+00   2.128e+00    2.0903310258e-04 8.7943920173e-04  6.0095272598e-04  1.4803919277e-03
  6.000e+01    2.222e+00   2.341e+00    2.2651064669e-04 1.0814872198e-03  7.8570931196e-04  1.8671965318e-03
  6.000e+01    2.424e+00   2.554e+00    3.2996077765e-04 1.4234927078e-03  1.1179779165e-03  2.5414706243e-03
  6.000e+01    2.626e+00   2.767e+00    9.0380989252e-04 2.0951748707e-03  1.8331161757e-03  3.9282910464e-03
  6.000e+01    2.828e+00   2.980e+00    2.7022606369e-03 3.6785216382e-03  3.8036445112e-03  7.4821661495e-03
  6.000e+01    3.030e+00   3.193e+00    7.4502267318e-03 8.9650346288e-03  5.5004203047e-03  1.4465454933e-02
  6.000e+01    3.232e+00   3.406e+00    6.9864558152e-03 1.0636898738e-02  3.0910132897e-03  1.3727912027e-02
  6.000e+01    3.434e+00   3.618e+00    3.8146256834e-03 5.6695688020e-03  2.1387073530e-03  7.8082761550e-03
  6.000e+01    3.636e+00   3.831e+00    2.4567134662e-03 3.9959060098e-03  1.6560620648e-03  5.6519680746e-03
  6.000e+01    3.838e+00   4.044e+00    1.7196991329e-03 3.1788854484e-03  1.3659541368e-03  4.5448395852e-03
  6.000e+01    4.040e+00   4.257e+00    1.3057353745e-03 2.6617794037e-03  1.1543480266e-03  3.8161274303e-03
  6.000e+01    4.242e+00   4.470e+00    9.6513409245e-04 2.2752595270e-03  9.8930472959e-04  3.2645642566e-03
  6.000e+01    4.444e+00   4.683e+00    7.6633737465e-04 1.9610340133e-03  8.4724480913e-04  2.8082788224e-03
  6.000e+01    4.646e+00   4.895e+00    5.8023955590e-04 1.6911661118e-03  7.3725244188e-04  2.4284185537e-03
  6.000e+01    4.848e+00   5.108e+00    4.1924829443e-04 1.4505479466e-03  6.3863408724e-04  2.0891820338e-03
  6.000e+01    5.050e+00   5.321e+00    3.0537003474e-04 1.2385611058e-03  5.5310750174e-04  1.7916686075e-03
  6.000e+01    5.252e+00   5.534e+00    2.4162607453e-04 1.0563764069e-03  4.8030637148e-04  1.5366827784e-03
  6.000e+01    5.454e+00   5.747e+00    1.8772500549e-04 8.9247228896e-04  4.2358216571e-04  1.3160544547e-03
  6.000e+01    5.656e+00   5.960e+00    1.4378732309e-04 7.6296532783e-04  3.7858037390e-04  1.1415457017e-03
  6.000e+01    5.858e+00   6.172e+00    1.0929917808e-04 6.6219060666e-04  3.4282354850e-04  1.0050141552e-03

  6.200e+01    2.020e+00   2.128e+00    2.0477633066e-04 7.6573200552e-04  5.0894428552e-04  1.2746762910e-03
  6.200e+01    2.222e+00   2.341e+00    2.1780944413e-04 9.2010152129e-04  6.5523912821e-04  1.5753406495e-03
  6.200e+01    2.424e+00   2.554e+00    2.8525161986e-04 1.1841334863e-03  9.2099101698e-04  2.1051245033e-03
  6.200e+01    2.626e+00   2.767e+00    6.7887960222e-04 1.7158648882e-03  1.5019948304e-03  3.2178597185e-03
  6.200e+01    2.828e+00   2.980e+00    2.1398713649e-03 3.0065810066e-03  3.1340114476e-03  6.1405924542e-03
  6.200e+01    3.030e+00   3.193e+00    6.1166023323e-03 7.4515437565e-03  4.6184767978e-03  1.2070020554e-02
  6.200e+01    3.232e+00   3.406e+00    5.8557308818e-03 8.9283401258e-03  2.6046196829e-03  1.1532959809e-02
  6.200e+01    3.434e+00   3.618e+00    3.2623476737e-03 4.7823684994e-03  1.8077844713e-03  6.5901529707e-03
  6.200e+01    3.636e+00   3.831e+00    2.1334763102e-03 3.4089217902e-03  1.4112911607e-03  4.8202129509e-03
  6.200e+01    3.838e+00   4.044e+00    1.5100004230e-03 2.7356426051e-03  1.1708711973e-03  3.9065138024e-03
  6.200e+01    4.040e+00   4.257e+00    1.1555946840e-03 2.3052992178e-03  9.9416274336e-04  3.2994619611e-03
  6.200e+01    4.242e+00   4.470e+00    8.5963592191e-04 1.9800797617e-03  8.5373607294e-04  2.8338158346e-03
  6.200e+01    4.444e+00   4.683e+00    6.8323484201e-04 1.7117011121e-03  7.3253438357e-04  2.4442354957e-03
  6.200e+01    4.646e+00   4.895e+00    5.1738060782e-04 1.4780301088e-03  6.3614754003e-04  2.1141776488e-03
  6.200e+01    4.848e+00   5.108e+00    3.7348020773e-04 1.2685637757e-03  5.4985570518e-04  1.8184194809e-03
  6.200e+01    5.050e+00   5.321e+00    2.7127542817e-04 1.0818014279e-03  4.7400023796e-04  1.5558016659e-03
  6.200e+01    5.252e+00   5.534e+00    2.1308576739e-04 9.2028342574e-04  4.0861553475e-04  1.3288989605e-03
  6.200e+01    5.454e+00   5.747e+00    1.6410359189e-04 7.7169786379e-04  3.5857720780e-04  1.1302750716e-03
  6.200e+01    5.656e+00   5.960e+00    1.2438830043e-04 6.5433182524e-04  3.1881052591e-04  9.7314235116e-04
  6.200e+01    5.858e+00   6.172e+00    1.0099854280e-04 5.6254650474e-04  2.8723174401e-04  8.4977824874e-04

  6.400e+01    2.020e+00   2.128e+00    2.0123576128e-04 6.8218542833e-04  4.3844174001e-04  1.1206271683e-03
  6.400e+01    2.222e+00   2.341e+00    2.1927563407e-04 7.9888936929e-04  5.5434509961e-04  1.3532344689e-03
  6.400e+01    2.424e+00   2.554e+00    2.6555149468e-04 1.0012274986e-03  7.6708513424e-04  1.7683126329e-03
  6.400e+01    2.626e+00   2.767e+00    5.0794661074e-04 1.4210848558e-03  1.2405029777e-03  2.6615878334e-03
  6.400e+01    2.828e+00   2.980e+00    1.7027272052e-03 2.4742690355e-03  2.5968547200e-03  5.0711237555e-03
  6.400e+01    3.030e+00   3.193e+00    5.0434407189e-03 6.2149553231e-03  3.8929731303e-03  1.0107928453e-02
  6.400e+01    3.232e+00   3.406e+00    4.9377822645e-03 7.5306747433e-03  2.2079068606e-03  9.7385816038e-03
  6.400e+01    3.434e+00   3.618e+00    2.8119363445e-03 4.0647391978e-03  1.5404268870e-03  5.6051660847e-03
  6.400e+01    3.636e+00   3.831e+00    1.8680333279e-03 2.9321149355e-03  1.2131081659e-03  4.1452231013e-03
  6.400e+01    3.838e+00   4.044e+00    1.3368920581e-03 2.3739846798e-03  1.0124575078e-03  3.3864421876e-03
  6.400e+01    4.040e+00   4.257e+00    1.0312033951e-03 2.0131972424e-03  8.6378287018e-04  2.8769801126e-03
  6.400e+01    4.242e+00   4.470e+00    7.7209408282e-04 1.7373835926e-03  7.4386359013e-04  2.4812471827e-03
  6.400e+01    4.444e+00   4.683e+00    6.1416079629e-04 1.5063539442e-03  6.3911574628e-04  2.1454696905e-03
  6.400e+01    4.646e+00   4.895e+00    4.6511275904e-04 1.3029676706e-03  5.5409272046e-04  1.8570603910e-03
  6.400e+01    4.848e+00   5.108e+00    3.3547087268e-04 1.1190320264e-03  4.7798211224e-04  1.5970141386e-03
  6.400e+01    5.050e+00   5.321e+00    2.4309633595e-04 9.5366849521e-04  4.1047160710e-04  1.3641401023e-03
  6.400e+01    5.252e+00   5.534e+00    1.8955005067e-04 8.0927852610e-04  3.5148461008e-04  1.1607631362e-03
  6.400e+01    5.454e+00   5.747e+00    1.4469067655e-04 6.7473751191e-04  3.0666446530e-04  9.8140197721e-04
  6.400e+01    5.656e+00   5.960e+00    1.1135636729e-04 5.6750232292e-04  2.7121077714e-04  8.3871310006e-04
  6.400e+01    5.858e+00   6.172e+00    9.5192493505e-05 4.8297004283e-04  2.4305205715e-04  7.2602209997e-04

  6.600e+01    2.020e+00   2.128e+00    1.9826965427e-04 6.2171014941e-04  3.8425094520e-04  1.0059610946e-03
  6.600e+01    2.222e+00   2.341e+00    2.2188050202e-04 7.0800563592e-04  4.7608723784e-04  1.1840928738e-03
  6.600e+01    2.424e+00   2.554e+00    2.5449736831e-04 8.6130121839e-04  6.4630758220e-04  1.5076088006e-03
  6.600e+01    2.626e+00   2.767e+00    3.8454203624e-04 1.1912115382e-03  1.0329290596e-03  2.2241405978e-03
  6.600e+01    2.828e+00   2.980e+00    1.3591055795e-03 2.0509005059e-03  2.1640569470e-03  4.2149574528e-03
  6.600e+01    3.030e+00   3.193e+00    4.1764080861e-03 5.2033383375e-03  3.2952749558e-03  8.4986132933e-03
  6.600e+01    3.232e+00   3.406e+00    4.1885812116e-03 6.3835691206e-03  1.8828956618e-03  8.2664647823e-03
  6.600e+01    3.434e+00   3.618e+00    2.4419069061e-03 3.4803880979e-03  1.3229294496e-03  4.8033175474e-03
  6.600e+01    3.636e+00   3.831e+00    1.6483558062e-03 2.5416624790e-03  1.0513849204e-03  3.5930473994e-03
  6.600e+01    3.838e+00   4.044e+00    1.1928660135e-03 2.0765520309e-03  8.8275237775e-04  2.9593044087e-03
  6.600e+01    4.040e+00   4.257e+00    9.2732656940e-04 1.7718197987e-03  7.5672129135e-04  2.5285410900e-03
  6.600e+01    4.242e+00   4.470e+00    6.9886877962e-04 1.5360082699e-03  6.5369327519e-04  2.1897015451e-03
  6.600e+01    4.444e+00   4.683e+00    5.5628959370e-04 1.3358924337e-03  5.6245820999e-04  1.8983506437e-03
  6.600e+01    4.646e+00   4.895e+00    4.2130694382e-04 1.1575983980e-03  4.8707558708e-04  1.6446739851e-03
  6.600e+01    4.848e+00   5.108e+00    3.0365028185e-04 9.9497054003e-04  4.1931372339e-04  1.4142842634e-03
  6.600e+01    5.050e+00   5.321e+00    2.1961214972e-04 8.4772637316e-04  3.5887882645e-04  1.2066051996e-03
  6.600e+01    5.252e+00   5.534e+00    1.6998195341e-04 7.1781452719e-04  3.0567511127e-04  1.0234896385e-03
  6.600e+01    5.454e+00   5.747e+00    1.2860519902e-04 5.9588715229e-04  2.6490187286e-04  8.6078902514e-04
  6.600e+01    5.656e+00   5.960e+00    1.0617005391e-04 4.9748544004e-04  2.3303753159e-04  7.3052297162e-04
  6.600e+01    5.858e+00   6.172e+00    9.0358616017e-05 4.1892798194e-04  2.0771253516e-04  6.2664051710e-04

  6.800e+01    2.020e+00   2.128e+00    1.9576794688e-04 5.7662465005e-04  3.4239669179e-04  9.1902134183e-04
  6.800e+01    2.222e+00   2.341e+00    2.2528375504e-04 6.4008322456e-04  4.1527668548e-04  1.0553599100e-03
  6.800e+01    2.424e+00   2.554e+00    2.5761038810e-04 7.5427779303e-04  5.5117047239e-04  1.3054482654e-03
  6.800e+01    2.626e+00   2.767e+00    3.2322238319e-04 1.0114662083e-03  8.6736595715e-04  1.8788321654e-03
  6.800e+01    2.828e+00   2.980e+00    1.0868425335e-03 1.7129112411e-03  1.8137918685e-03  3.5267031096e-03
  6.800e+01    3.030e+00   3.193e+00    3.4729775716e-03 4.3741937974e-03  2.8017734259e-03  7.1759672232e-03
  6.800e+01    3.232e+00   3.406e+00    3.5737949615e-03 5.4386546277e-03  1.6154021083e-03  7.0540567360e-03
  6.800e+01    3.434e+00   3.618e+00    2.1357684829e-03 3.0014451899e-03  1.1448113575e-03  4.1462565474e-03
  6.800e+01    3.636e+00   3.831e+00    1.4652231630e-03 2.2195428264e-03  9.1844308491e-04  3.1379859113e-03
  6.800e+01    3.838e+00   4.044e+00    1.0721419363e-03 1.8298993837e-03  7.7576325787e-04  2.6056626416e-03
  6.800e+01    4.040e+00   4.257e+00    8.3993679538e-04 1.5706687289e-03  6.6810400838e-04  2.2387727373e-03
  6.800e+01    4.242e+00   4.470e+00    6.3715572254e-04 1.3675788708e-03  5.7901822018e-04  1.9465970910e-03
  6.800e+01    4.444e+00   4.683e+00    5.0744070870e-04 1.1931043349e-03  4.9909464155e-04  1.6921989765e-03
  6.800e+01    4.646e+00   4.895e+00    3.8432034969e-04 1.0357791252e-03  4.3196346302e-04  1.4677425883e-03
  6.800e+01    4.848e+00   5.108e+00    2.7681198468e-04 8.9114285250e-04  3.7107921708e-04  1.2622220696e-03
  6.800e+01    5.050e+00   5.321e+00    1.9988870926e-04 7.5926591691e-04  3.1664867744e-04  1.0759145944e-03
  6.800e+01    5.252e+00   5.534e+00    1.5358524463e-04 6.4176175599e-04  2.6868176626e-04  9.1044352225e-04
  6.800e+01    5.454e+00   5.747e+00    1.1945317634e-04 5.3117749492e-04  2.3107829736e-04  7.6225579228e-04
  6.800e+01    5.656e+00   5.960e+00    1.0182106326e-04 4.4058745812e-04  2.0222127944e-04  6.4280873756e-04
  6.800e+01    5.858e+00   6.172e+00    8.6302268607e-05 3.6703575387e-04  1.7927099530e-04  5.4630674918e-04

  7.000e+01    2.020e+00   2.128e+00    1.9364470910e-04 5.4109800933e-04  3.0965694704e-04  8.5075495637e-04
  7.000e+01    2.222e+00   2.341e+00    2.2923436121e-04 5.8967645766e-04  3.6802257971e-04  9.5769903737e-04
  7.000e+01    2.424e+00   2.554e+00    2.6135197476e-04 6.7255548248e-04  4.7599941285e-04  1.1485548953e-03
  7.000e+01    2.626e+00   2.767e+00    3.1369189224e-04 8.7064488129e-04  7.3473116467e-04  1.6053760460e-03
  7.000e+01    2.828e+00   2.980e+00    8.7039146630e-04 1.4421355037e-03  1.5290745609e-03  2.9712100645e-03
  7.000e+01    3.030e+00   3.193e+00    2.8998559261e-03 3.6930125782e-03  2.3931838215e-03  6.0861963997e-03
  7.000e+01    3.232e+00   3.406e+00    3.0665995449e-03 4.6572471898e-03  1.3942203858e-03  6.0514675756e-03
  7.000e+01    3.434e+00   3.618e+00    1.8807953011e-03 2.6061311433e-03  9.9803235065e-04  3.6041634940e-03
  7.000e+01    3.636e+00   3.831e+00    1.3114936939e-03 1.9521224514e-03  8.0840908595e-04  2.7605315373e-03
  7.000e+01    3.838e+00   4.044e+00    9.7024688502e-04 1.6237477094e-03  6.8701849755e-04  2.3107662069e-03
  7.000e+01    4.040e+00   4.257e+00    7.6590155633e-04 1.4017815123e-03  5.9421101883e-04  1.9959925311e-03
  7.000e+01    4.242e+00   4.470e+00    5.8478179838e-04 1.2256171408e-03  5.1665101654e-04  1.7422681574e-03
  7.000e+01    4.444e+00   4.683e+00    4.6592268870e-04 1.0724442867e-03  4.4619812964e-04  1.5186424164e-03
  7.000e+01    4.646e+00   4.895e+00    3.5287447246e-04 9.3279522838e-04  3.8615346320e-04  1.3189486916e-03
  7.000e+01    4.848e+00   5.108e+00    2.5401727683e-04 8.0349443301e-04  3.3112510713e-04  1.1346195401e-03
  7.000e+01    5.050e+00   5.321e+00    1.8320257430e-04 6.8483210908e-04  2.8186133048e-04  9.6669343955e-04
  7.000e+01    5.252e+00   5.534e+00    1.3974688103e-04 5.7800416909e-04  2.3861790092e-04  8.1662207002e-04
  7.000e+01    5.454e+00   5.747e+00    1.1556951171e-04 4.7760616012e-04  2.0366029322e-04  6.8126645334e-04
  7.000e+01    5.656e+00   5.960e+00    9.8148267034e-05 3.9397108300e-04  1.7718802400e-04  5.7115910700e-04
  7.000e+01    5.858e+00   6.172e+00    8.2873866373e-05 3.2518571810e-04  1.5624767827e-04  4.8143339637e-04

  7.200e+01    2.020e+00   2.128e+00    1.9840850855e-04 5.1124108987e-04  2.8398780483e-04  7.9522889469e-04
  7.200e+01    2.222e+00   2.341e+00    2.3354568590e-04 5.5176948497e-04  3.3141838152e-04  8.8318786649e-04
  7.200e+01    2.424e+00   2.554e+00    2.6551944611e-04 6.1032667213e-04  4.1646548408e-04  1.0267921562e-03
  7.200e+01    2.626e+00   2.767e+00    3.0757303757e-04 7.6020023912e-04  6.2805268729e-04  1.3882529264e-03
  7.200e+01    2.828e+00   2.980e+00    6.9780083734e-04 1.2245091738e-03  1.2966456486e-03  2.5211548224e-03
  7.200e+01    3.030e+00   3.193e+00    2.4309232829e-03 3.1319051639e-03  2.0538445656e-03  5.1857497295e-03
  7.200e+01    3.232e+00   3.406e+00    2.6459476169e-03 4.0084280898e-03  1.2104789441e-03  5.2189070339e-03
  7.200e+01    3.434e+00   3.618e+00    1.6670720485e-03 2.2778158344e-03  8.7626238677e-04  3.1540782212e-03
  7.200e+01    3.636e+00   3.831e+00    1.1815914859e-03 1.7285273661e-03  7.1662084675e-04  2.4451482128e-03
  7.200e+01    3.838e+00   4.044e+00    8.8367575638e-04 1.4501920450e-03  6.1281583250e-04  2.0630078775e-03
  7.200e+01    4.040e+00   4.257e+00    7.0276871117e-04 1.2589232106e-03  5.3217490277e-04  1.7910981134e-03
  7.200e+01    4.242e+00   4.470e+00    5.4004114347e-04 1.1051332050e-03  4.6417441483e-04  1.5693076198e-03
  7.200e+01    4.444e+00   4.683e+00    4.3040450882e-04 9.6973597147e-04  4.0169646720e-04  1.3714324387e-03
  7.200e+01    4.646e+00   4.895e+00    3.2596649633e-04 8.4508187251e-04  3.4775365182e-04  1.1928355243e-03
  7.200e+01    4.848e+00   5.108e+00    2.3452995855e-04 7.2890609654e-04  2.9782275967e-04  1.0267288562e-03
  7.200e+01    5.050e+00   5.321e+00    1.6898989451e-04 6.2169666119e-04  2.5300034475e-04  8.7469700594e-04
  7.200e+01    5.252e+00   5.534e+00    1.3171420057e-04 5.2414384227e-04  2.1387158657e-04  7.3801542884e-04
  7.200e+01    5.454e+00   5.747e+00    1.1227393820e-04 4.3281736733e-04  1.8135304264e-04  6.1417040998e-04
  7.200e+01    5.656e+00   5.960e+00    9.5025474065e-05 3.5540709272e-04  1.5673070220e-04  5.1213779491e-04
  7.200e+01    5.858e+00   6.172e+00    7.9956378492e-05 2.9122528488e-04  1.3750595405e-04  4.2873123893e-04

  7.400e+01    2.020e+00   2.128e+00    2.0281799850e-04 4.8541000319e-04  2.6351014398e-04  7.4892014716e-04
  7.400e+01    2.222e+00   2.341e+00    2.3807834520e-04 5.2095045969e-04  3.0336220029e-04  8.2431265998e-04
  7.400e+01    2.424e+00   2.554e+00    2.6996014907e-04 5.6305272115e-04  3.6924587147e-04  9.3229859262e-04
  7.400e+01    2.626e+00   2.767e+00    3.0400572022e-04 6.7357293552e-04  5.4194547584e-04  1.2155184114e-03
  7.400e+01    2.828e+00   2.980e+00    5.6270411285e-04 1.0490954674e-03  1.1061154679e-03  2.1552109353e-03
  7.400e+01    3.030e+00   3.193e+00    2.0456515432e-03 2.6683903814e-03  1.7710756973e-03  4.4394660787e-03
  7.400e+01    3.232e+00   3.406e+00    2.3001718979e-03 3.4674705190e-03  1.0571341136e-03  4.5246046326e-03
  7.400e+01    3.434e+00   3.618e+00    1.4868305609e-03 2.0037152288e-03  7.7456869251e-04  2.7782839213e-03
  7.400e+01    3.636e+00   3.831e+00    1.0711439848e-03 1.5402929781e-03  6.3955979694e-04  2.1798527750e-03
  7.400e+01    3.838e+00   4.044e+00    8.1417352734e-04 1.3031361656e-03  5.5032392285e-04  1.8534600885e-03
  7.400e+01    4.040e+00   4.257e+00    6.4860125944e-04 1.1372680029e-03  4.7982029433e-04  1.6170882972e-03
  7.400e+01    4.242e+00   4.470e+00    5.0158439572e-04 1.0021478465e-03  4.1971735445e-04  1.4218652009e-03
  7.400e+01    4.444e+00   4.683e+00    3.9983384956e-04 8.8174138294e-04  3.6402000872e-04  1.2457613917e-03
  7.400e+01    4.646e+00   4.895e+00    3.0279987623e-04 7.6986582597e-04  3.1533162895e-04  1.0851974549e-03
  7.400e+01    4.848e+00   5.108e+00    2.1776781788e-04 6.6498241705e-04  2.6997744417e-04  9.3495986122e-04
  7.400e+01    5.050e+00   5.321e+00    1.5680618238e-04 5.6771295403e-04  2.2890475134e-04  7.9661770537e-04
  7.400e+01    5.252e+00   5.534e+00    1.2880371601e-04 4.7831447885e-04  1.9330912193e-04  6.7162360077e-04
  7.400e+01    5.454e+00   5.747e+00    1.0945999924e-04 3.9499060052e-04  1.6309310158e-04  5.5808370209e-04
  7.400e+01    5.656e+00   5.960e+00    9.2353855831e-05 3.2328803184e-04  1.3992982777e-04  4.6321785962e-04
  7.400e+01    5.858e+00   6.172e+00    7.7457944390e-05 2.6328356730e-04  1.2216656146e-04  3.8545012876e-04

  7.600e+01    2.020e+00   2.128e+00    2.0730437240e-04 4.6240155152e-04  2.4674776107e-04  7.0914931259e-04
  7.600e+01    2.222e+00   2.341e+00    2.4272791114e-04 4.9495012705e-04  2.8119537341e-04  7.7614550045e-04
  7.600e+01    2.424e+00   2.554e+00    2.7455830000e-04 5.2732632132e-04  3.3177558198e-04  8.5910190331e-04
  7.600e+01    2.626e+00   2.767e+00    3.0234235423e-04 6.0570177404e-04  4.7222586740e-04  1.0779276414e-03
  7.600e+01    2.828e+00   2.980e+00    4.5480818833e-04 9.0735090470e-04  9.4930918024e-04  1.8566600849e-03
  7.600e+01    3.030e+00   3.193e+00    1.7278293112e-03 2.2843636851e-03  1.5346245298e-03  3.8189882149e-03
  7.600e+01    3.232e+00   3.406e+00    2.0076937862e-03 3.0145673832e-03  9.2857558651e-04  3.9431429697e-03
  7.600e+01    3.434e+00   3.618e+00    1.3339428073e-03 1.7734617638e-03  6.8936641387e-04  2.4628281777e-03
  7.600e+01    3.636e+00   3.831e+00    9.7668156018e-04 1.3808862151e-03  5.7446628358e-04  1.9553524987e-03
  7.600e+01    3.838e+00   4.044e+00    7.5241284444e-04 1.1776913125e-03  4.9735215435e-04  1.6750434669e-03
  7.600e+01    4.040e+00   4.257e+00    6.0185865111e-04 1.0330157283e-03  4.3535204565e-04  1.4683677740e-03
  7.600e+01    4.242e+00   4.470e+00    4.6833790257e-04 9.1353787299e-04  3.8183529598e-04  1.2953731690e-03
  7.600e+01    4.444e+00   4.683e+00    3.7337121265e-04 8.0583997438e-04  3.3196753524e-04  1.1378075096e-03
  7.600e+01    4.646e+00   4.895e+00    2.8274222173e-04 7.0492655554e-04  2.8779394064e-04  9.9272049618e-04
  7.600e+01    4.848e+00   5.108e+00    2.0326677094e-04 6.0984400181e-04  2.4649698848e-04  8.5634099029e-04
  7.600e+01    5.050e+00   5.321e+00    1.4780277697e-04 5.2121989920e-04  2.0871129562e-04  7.2993119482e-04
  7.600e+01    5.252e+00   5.534e+00    1.2631288395e-04 4.3905747501e-04  1.7610448952e-04  6.1516196453e-04
  7.600e+01    5.454e+00   5.747e+00    1.0704329006e-04 3.6276232582e-04  1.4802867801e-04  5.1079100383e-04
  7.600e+01    5.656e+00   5.960e+00    9.0054451695e-05 2.9625742709e-04  1.2614295709e-04  4.2240038418e-04
  7.600e+01    5.858e+00   6.172e+00    7.5305889813e-05 2.4006119167e-04  1.0954528358e-04  3.4960647526e-04

  7.800e+01    2.020e+00   2.128e+00    2.1179980234e-04 4.4168761108e-04  2.3299138406e-04  6.7467899514e-04
  7.800e+01    2.222e+00   2.341e+00    2.4741605863e-04 4.7234093934e-04  2.6281517538e-04  7.3515611471e-04
  7.800e+01    2.424e+00   2.554e+00    2.7922657842e-04 4.9968996200e-04  3.0206048358e-04  8.0175044558e-04
  7.800e+01    2.626e+00   2.767e+00    3.0530947585e-04 5.5266339870e-04  4.1562524868e-04  9.6828864739e-04
  7.800e+01    2.828e+00   2.980e+00    3.7131275415e-04 7.9257110447e-04  8.1976768432e-04  1.6123387888e-03
  7.800e+01    3.030e+00   3.193e+00    1.4646270602e-03 1.9652412400e-03  1.3362001179e-03  3.3014413579e-03
  7.800e+01    3.232e+00   3.406e+00    1.7614220851e-03 2.6338165700e-03  8.2031821005e-04  3.4541347801e-03
  7.800e+01    3.434e+00   3.618e+00    1.2035353896e-03 1.5789249810e-03  6.1748050182e-04  2.1964054829e-03
  7.800e+01    3.636e+00   3.831e+00    8.9544161373e-04 1.2452717902e-03  5.1916280089e-04  1.7644345910e-03
  7.800e+01    3.838e+00   4.044e+00    6.9901361749e-04 1.0700191546e-03  4.5218550304e-04  1.5222046576e-03
  7.800e+01    4.040e+00   4.257e+00    5.6130143674e-04 9.4313822782e-04  3.9734920006e-04  1.3404874279e-03
  7.800e+01    4.242e+00   4.470e+00    4.3944085222e-04 8.3684541171e-04  3.4938631548e-04  1.1862317272e-03
  7.800e+01    4.444e+00   4.683e+00    3.5034279161e-04 7.3998288340e-04  3.0448643382e-04  1.0444693172e-03
  7.800e+01    4.646e+00   4.895e+00    2.6528223713e-04 6.4853753951e-04  2.6424720142e-04  9.1278474093e-04
  7.800e+01    4.848e+00   5.108e+00    1.9065367695e-04 5.6199671358e-04  2.2651194545e-04  7.8850865903e-04
  7.800e+01    5.050e+00   5.321e+00    1.4565797526e-04 4.8093083853e-04  1.9170926549e-04  6.7264010401e-04
  7.800e+01    5.252e+00   5.534e+00    1.2416962768e-04 4.0521539009e-04  1.6160640300e-04  5.6682179309e-04
  7.800e+01    5.454e+00   5.747e+00    1.0495637597e-04 3.3512502449e-04  1.3546158036e-04  4.7058660486e-04
  7.800e+01    5.656e+00   5.960e+00    8.8064651610e-05 2.7334739860e-04  1.1471761537e-04  3.8806501397e-04
  7.800e+01    5.858e+00   6.172e+00    7.3441647614e-05 2.2068584313e-04  9.9106769103e-05  3.1979261224e-04
  Took 4318.643210 seconds
