#  Energy (ev)    Absorption NP      Absorption MG
  9.5239900000e-01  5.2478934094e+14  1.6966611413e+12
  9.5811339400e-01  5.2715948964e+14  1.7653112836e+12
  9.6382778800e-01  5.2952103993e+14  1.8367438654e+12
  9.6954218200e-01  5.3187422002e+14  1.9107982075e+12
  9.7525657600e-01  5.3421896059e+14  1.9871438958e+12
  9.8097097000e-01  5.3655497421e+14  2.0653414006e+12
  9.8668536400e-01  5.3888187457e+14  2.1449229180e+12
  9.9239975800e-01  5.4119931554e+14  2.2254797399e+12
  9.9811415200e-01  5.4350712636e+14  2.3067410847e+12
  1.0038285460e+00  5.4580541925e+14  2.3886305416e+12
  1.0095429400e+00  5.4809465079e+14  2.4712899315e+12
  1.0152573340e+00  5.5037562540e+14  2.5550658664e+12
  1.0209717280e+00  5.5264943980e+14  2.6404606854e+12
  1.0266861220e+00  5.5491737700e+14  2.7280556642e+12
  1.0324005160e+00  5.5718076760e+14  2.8184193426e+12
  1.0381149100e+00  5.5944084184e+14  2.9120166291e+12
  1.0438293040e+00  5.6169859799e+14  3.0091344832e+12
  1.0495436980e+00  5.6395471007e+14  3.1098373774e+12
  1.0552580920e+00  5.6620949164e+14  3.2139608122e+12
  1.0609724860e+00  5.6846292260e+14  3.3211447014e+12
  1.0666868800e+00  5.7071473559e+14  3.4309015636e+12
  1.0724012740e+00  5.7296454790e+14  3.5427083290e+12
  1.0781156680e+00  5.7521201687e+14  3.6561062753e+12
  1.0838300620e+00  5.7745699223e+14  3.7707919183e+12
  1.0895444560e+00  5.7969963930e+14  3.8866829419e+12
  1.0952588500e+00  5.8194051109e+14  4.0039472913e+12
  1.1009732440e+00  5.8418055632e+14  4.1229897184e+12
  1.1066876380e+00  5.8642106099e+14  4.2443973431e+12
  1.1124020320e+00  5.8866353261e+14  4.3688529174e+12
  1.1181164260e+00  5.9090954633e+14  4.4970302370e+12
  1.1238308200e+00  5.9316057896e+14  4.6294895031e+12
  1.1295452140e+00  5.9541785951e+14  4.7665907713e+12
  1.1352596080e+00  5.9768226232e+14  4.9084408307e+12
  1.1409740020e+00  5.9995426206e+14  5.0548833518e+12
  1.1466883960e+00  6.0223395935e+14  5.2055348339e+12
  1.1524027900e+00  6.0452117389e+14  5.3598610048e+12
  1.1581171840e+00  6.0681559006e+14  5.5172812214e+12
  1.1638315780e+00  6.0911693098e+14  5.6772833423e+12
  1.1695459720e+00  6.1142513137e+14  5.8395294026e+12
  1.1752603660e+00  6.1374047964e+14  6.0039336381e+12
  1.1809747600e+00  6.1606370425e+14  6.1706988439e+12
  1.1866891540e+00  6.1839598867e+14  6.3403039910e+12
  1.1924035480e+00  6.2073891139e+14  6.5134443230e+12
  1.1981179420e+00  6.2309432018e+14  6.6909333976e+12
  1.2038323360e+00  6.2546416142e+14  6.8735833017e+12
  1.2095467300e+00  6.2785029323e+14  7.0620833597e+12
  1.2152611240e+00  6.3025431464e+14  7.2568983082e+12
  1.2209755180e+00  6.3267744048e+14  7.4582039566e+12
  1.2266899120e+00  6.3512044462e+14  7.6658722247e+12
  1.2324043060e+00  6.3758368256e+14  7.8795091478e+12
  1.2381187000e+00  6.4006719089e+14  8.0985403544e+12
  1.2438330940e+00  6.4257084816e+14  8.3223302105e+12
  1.2495474880e+00  6.4509457036e+14  8.5503147296e+12
  1.2552618820e+00  6.4763850840e+14  8.7821255738e+12
  1.2609762760e+00  6.5020321367e+14  9.0176835554e+12
  1.2666906700e+00  6.5278974284e+14  9.2572448863e+12
  1.2724050640e+00  6.5539968314e+14  9.5013912483e+12
  1.2781194580e+00  6.5803509257e+14  9.7509642849e+12
  1.2838338520e+00  6.6069836423e+14  1.0006954731e+13
  1.2895482460e+00  6.6339203689e+14  1.0270364447e+13
  1.2952626400e+00  6.6611858399e+14  1.0542064682e+13
  1.3009770340e+00  6.6888021706e+14  1.0822675032e+13
  1.3066914280e+00  6.7167873804e+14  1.1112484487e+13
  1.3124058220e+00  6.7451546700e+14  1.1411429154e+13
  1.3181202160e+00  6.7739125936e+14  1.1719131750e+13
  1.3238346100e+00  6.8030661140e+14  1.2034997409e+13
  1.3295490040e+00  6.8326183795e+14  1.2358350497e+13
  1.3352633980e+00  6.8625729326e+14  1.2688589735e+13
  1.3409777920e+00  6.8929359807e+14  1.3025335274e+13
  1.3466921860e+00  6.9237183450e+14  1.3368542179e+13
  1.3524065800e+00  6.9549367504e+14  1.3718560059e+13
  1.3581209740e+00  6.9866142249e+14  1.4076127407e+13
  1.3638353680e+00  7.0187795315e+14  1.4442300277e+13
  1.3695497620e+00  7.0514657141e+14  1.4818326214e+13
  1.3752641560e+00  7.0847079975e+14  1.5205484128e+13
  1.3809785500e+00  7.1185413956e+14  1.5604917060e+13
  1.3866929440e+00  7.1529984366e+14  1.6017486719e+13
  1.3924073380e+00  7.1881074056e+14  1.6443675488e+13
  1.3981217320e+00  7.2238914191e+14  1.6883554055e+13
  1.4038361260e+00  7.2603685127e+14  1.7336821854e+13
  1.4095505200e+00  7.2975527508e+14  1.7802915144e+13
  1.4152649140e+00  7.3354561929e+14  1.8281165733e+13
  1.4209793080e+00  7.3740914000e+14  1.8770984219e+13
  1.4266937020e+00  7.4134740694e+14  1.9272036785e+13
  1.4324080960e+00  7.4536253521e+14  1.9784384978e+13
  1.4381224900e+00  7.4945734578e+14  2.0308563572e+13
  1.4438368840e+00  7.5363542645e+14  2.0845581719e+13
  1.4495512780e+00  7.5790108170e+14  2.1396845526e+13
  1.4552656720e+00  7.6225917862e+14  2.1964013707e+13
  1.4609800660e+00  7.6671491416e+14  2.2548809842e+13
  1.4666944600e+00  7.7127354289e+14  2.3152822860e+13
  1.4724088540e+00  7.7594011203e+14  2.3777330201e+13
  1.4781232480e+00  7.8071925017e+14  2.4423175065e+13
  1.4838376420e+00  7.8561504778e+14  2.5090720620e+13
  1.4895520360e+00  7.9063105276e+14  2.5779891337e+13
  1.4952664300e+00  7.9577038485e+14  2.6490296842e+13
  1.5009808240e+00  8.0103595267e+14  2.7221419295e+13
  1.5066952180e+00  8.0643073906e+14  2.7972833887e+13
  1.5124096120e+00  8.1195810822e+14  2.8744425516e+13
  1.5181240060e+00  8.1762208339e+14  2.9536564440e+13
  1.5238384000e+00  8.2342754782e+14  3.0350209844e+13
  1.5295527940e+00  8.2938033417e+14  3.1186921925e+13
  1.5352671880e+00  8.3548718549e+14  3.2048778453e+13
  1.5409815820e+00  8.4175559296e+14  3.2938208230e+13
  1.5466959760e+00  8.4819353649e+14  3.3857768631e+13
  1.5524103700e+00  8.5480917126e+14  3.4809904936e+13
  1.5581247640e+00  8.6161051384e+14  3.5796733370e+13
  1.5638391580e+00  8.6860518193e+14  3.6819886986e+13
  1.5695535520e+00  8.7580023429e+14  3.7880453764e+13
  1.5752679460e+00  8.8320214079e+14  3.8979021289e+13
  1.5809823400e+00  8.9081689082e+14  4.0115824385e+13
  1.5866967340e+00  8.9865022494e+14  4.1290974255e+13
  1.5924111280e+00  9.0670795289e+14  4.2504732970e+13
  1.5981255220e+00  9.1499630556e+14  4.3757788381e+13
  1.6038399160e+00  9.2352226138e+14  4.5051483184e+13
  1.6095543100e+00  9.3229379038e+14  4.6387958579e+13
  1.6152687040e+00  9.4131997180e+14  4.7770186723e+13
  1.6209830980e+00  9.5061096131e+14  4.9201884872e+13
  1.6266974920e+00  9.6017780849e+14  5.0687324621e+13
  1.6324118860e+00  9.7003215046e+14  5.2231068545e+13
  1.6381262800e+00  9.8018582818e+14  5.3837680456e+13
  1.6438406740e+00  9.9065048576e+14  5.5511461865e+13
  1.6495550680e+00  1.0014372163e+15  5.7256264738e+13
  1.6552694620e+00  1.0125563103e+15  5.9075419363e+13
  1.6609838560e+00  1.0240171459e+15  6.0971797847e+13
  1.6666982500e+00  1.0358282350e+15  6.2948011214e+13
  1.6724126440e+00  1.0479974131e+15  6.5006715253e+13
  1.6781270380e+00  1.0605321342e+15  6.7150980932e+13
  1.6838414320e+00  1.0734398102e+15  6.9384672950e+13
  1.6895558260e+00  1.0867281282e+15  7.1712777214e+13
  1.6952702200e+00  1.1004052728e+15  7.4141625486e+13
  1.7009846140e+00  1.1144799992e+15  7.6678982331e+13
  1.7066990080e+00  1.1289615177e+15  7.9333983142e+13
  1.7124134020e+00  1.1438591847e+15  8.2116938659e+13
  1.7181277960e+00  1.1591820181e+15  8.5039046450e+13
  1.7238421900e+00  1.1749380841e+15  8.8112068931e+13
  1.7295565840e+00  1.1911338223e+15  9.1348047008e+13
  1.7352709780e+00  1.2077733781e+15  9.4759116387e+13
  1.7409853720e+00  1.2248580132e+15  9.8357479745e+13
  1.7466997660e+00  1.2423856439e+15  1.0215556433e+14
  1.7524141600e+00  1.2603505336e+15  1.0616636473e+14
  1.7581285540e+00  1.2787431374e+15  1.1040393946e+14
  1.7638429480e+00  1.2975500624e+15  1.1488400316e+14
  1.7695573420e+00  1.3167540892e+15  1.1962453811e+14
  1.7752717360e+00  1.3363341769e+15  1.2464634318e+14
  1.7809861300e+00  1.3562653805e+15  1.2997344704e+14
  1.7867005240e+00  1.3765186102e+15  1.3563333343e+14
  1.7924149180e+00  1.3970601953e+15  1.4165695779e+14
  1.7981293120e+00  1.4178512393e+15  1.4807856990e+14
  1.8038437060e+00  1.4388467995e+15  1.5493539113e+14
  1.8095581000e+00  1.4599949575e+15  1.6226722001e+14
  1.8152724940e+00  1.4812358872e+15  1.7011605193e+14
  1.8209868880e+00  1.5025010556e+15  1.7852579307e+14
  1.8267012820e+00  1.5237127080e+15  1.8754212575e+14
  1.8324156760e+00  1.5447838007e+15  1.9721254434e+14
  1.8381300700e+00  1.5656185378e+15  2.0758653264e+14
  1.8438444640e+00  1.5861136583e+15  2.1871580402e+14
  1.8495588580e+00  1.6061605948e+15  2.3065448178e+14
  1.8552732520e+00  1.6256485953e+15  2.4345906922e+14
  1.8609876460e+00  1.6444688611e+15  2.5718805226e+14
  1.8667020400e+00  1.6625197049e+15  2.7190099713e+14
  1.8724164340e+00  1.6797126774e+15  2.8765705080e+14
  1.8781308280e+00  1.6959795365e+15  3.0451281938e+14
  1.8838452220e+00  1.7112798564e+15  3.2251968142e+14
  1.8895596160e+00  1.7256089734e+15  3.4172067808e+14
  1.8952740100e+00  1.7390058685e+15  3.6214719952e+14
  1.9009884040e+00  1.7515604799e+15  3.8381574313e+14
  1.9067027980e+00  1.7634198478e+15  4.0672504672e+14
  1.9124171920e+00  1.7747924258e+15  4.3085389071e+14
  1.9181315860e+00  1.7859498624e+15  4.5615981760e+14
  1.9238459800e+00  1.7972255858e+15  4.8257893784e+14
  1.9295603740e+00  1.8090096165e+15  5.1002688823e+14
  1.9352747680e+00  1.8217392080e+15  5.3840089314e+14
  1.9409891620e+00  1.8358851576e+15  5.6758276711e+14
  1.9467035560e+00  1.8519339472e+15  5.9744260224e+14
  1.9524179500e+00  1.8703662310e+15  6.2784281949e+14
  1.9581323440e+00  1.8916325671e+15  6.5864223742e+14
  1.9638467380e+00  1.9161276473e+15  6.8969982852e+14
  1.9695611320e+00  1.9441645791e+15  7.2087788969e+14
  1.9752755260e+00  1.9759509732e+15  7.5204444082e+14
  1.9809899200e+00  2.0115686535e+15  7.8307477151e+14
  1.9867043140e+00  2.0509587131e+15  8.1385216432e+14
  1.9924187080e+00  2.0939133759e+15  8.4426791868e+14
  1.9981331020e+00  2.1400757021e+15  8.7422086763e+14
  2.0038474960e+00  2.1889476192e+15  9.0361661083e+14
  2.0095618900e+00  2.2399061180e+15  9.3236667794e+14
  2.0152762840e+00  2.2922267776e+15  9.6038778860e+14
  2.0209906780e+00  2.3451131474e+15  9.8760129806e+14
  2.0267050720e+00  2.3977299782e+15  1.0139328257e+15
  2.0324194660e+00  2.4492379252e+15  1.0393119723e+15
  2.0381338600e+00  2.4988271844e+15  1.0636719613e+15
  2.0438482540e+00  2.5457476001e+15  1.0869490007e+15
  2.0495626480e+00  2.5893330935e+15  1.1090811696e+15
  2.0552770420e+00  2.6290187882e+15  1.1300066866e+15
  2.0609914360e+00  2.6643498947e+15  1.1496615142e+15
  2.0667058300e+00  2.6949822011e+15  1.1679763821e+15
  2.0724202240e+00  2.7206748130e+15  1.1848734517e+15
  2.0781346180e+00  2.7412765096e+15  1.2002629785e+15
  2.0838490120e+00  2.7567076644e+15  1.2140404304e+15
  2.0895634060e+00  2.7669400392e+15  1.2260845731e+15
  2.0952778000e+00  2.7719768826e+15  1.2362570186e+15
  2.1009921940e+00  2.7718356105e+15  1.2444036541e+15
  2.1067065880e+00  2.7665349622e+15  1.2503582166e+15
  2.1124209820e+00  2.7560879303e+15  1.2539480777e+15
  2.1181353760e+00  2.7405010491e+15  1.2550020662e+15
  2.1238497700e+00  2.7197798543e+15  1.2533599175e+15
  2.1295641640e+00  2.6939396014e+15  1.2488827204e+15
  2.1352785580e+00  2.6630197213e+15  1.2414635683e+15
  2.1409929520e+00  2.6271000725e+15  1.2310375302e+15
  2.1467073460e+00  2.5863168595e+15  1.2175900575e+15
  2.1524217400e+00  2.5408761418e+15  1.2011630323e+15
  2.1581361340e+00  2.4910631516e+15  1.1818578436e+15
  2.1638505280e+00  2.4372461180e+15  1.1598351234e+15
  2.1695649220e+00  2.3798739140e+15  1.1353110644e+15
  2.1752793160e+00  2.3194675126e+15  1.1085505417e+15
  2.1809937100e+00  2.2566058934e+15  1.0798575399e+15
  2.1867081040e+00  2.1919075940e+15  1.0495636152e+15
  2.1924224980e+00  2.1260095066e+15  1.0180152702e+15
  2.1981368920e+00  2.0595447298e+15  9.8556118438e+14
  2.2038512860e+00  1.9931212912e+15  9.5254020567e+14
  2.2095656800e+00  1.9273033679e+15  9.1927089005e+14
  2.2152800740e+00  1.8625962833e+15  8.8604318317e+14
  2.2209944680e+00  1.7994360960e+15  8.5311260241e+14
  2.2267088620e+00  1.7381840926e+15  8.2069702309e+14
  2.2324232560e+00  1.6791259990e+15  7.8897593108e+14
  2.2381376500e+00  1.6224752982e+15  7.5809180059e+14
  2.2438520440e+00  1.5683797329e+15  7.2815311016e+14
  2.2495664380e+00  1.5169298952e+15  6.9923843333e+14
  2.2552808320e+00  1.4681687793e+15  6.7140103538e+14
  2.2609952260e+00  1.4221012749e+15  6.4467346578e+14
  2.2667096200e+00  1.3787027903e+15  6.1907174489e+14
  2.2724240140e+00  1.3379264664e+15  5.9459888186e+14
  2.2781384080e+00  1.2997087387e+15  5.7124760783e+14
  2.2838528020e+00  1.2639732814e+15  5.4900234454e+14
  2.2895671960e+00  1.2306335866e+15  5.2784053512e+14
  2.2952815900e+00  1.1995945737e+15  5.0773353123e+14
  2.3009959840e+00  1.1707536800e+15  4.8864725478e+14
  2.3067103780e+00  1.1440018515e+15  4.7054283412e+14
  2.3124247720e+00  1.1192247570e+15  4.5337736494e+14
  2.3181391660e+00  1.0963044070e+15  4.3710487450e+14
  2.3238535600e+00  1.0751212057e+15  4.2167749179e+14
  2.3295679540e+00  1.0555563202e+15  4.0704675693e+14
  2.3352823480e+00  1.0374941480e+15  3.9316495395e+14
  2.3409967420e+00  1.0208246107e+15  3.7998632782e+14
  2.3467111360e+00  1.0054450043e+15  3.6746805207e+14
  2.3524255300e+00  9.9126119334e+14  3.5557084490e+14
  2.3581399240e+00  9.7818802878e+14  3.4425918146e+14
  2.3638543180e+00  9.6614898863e+14  3.3350110946e+14
  2.3695687120e+00  9.5507514995e+14  3.2326773288e+14
  2.3752831060e+00  9.4490369820e+14  3.1353247443e+14
  2.3809975000e+00  9.3557623645e+14  3.0427025468e+14
  2.3867118940e+00  9.2703717160e+14  2.9545672970e+14
  2.3924262880e+00  9.1923242332e+14  2.8706771002e+14
  2.3981406820e+00  9.1210863271e+14  2.7907884599e+14
  2.4038550760e+00  9.0561295309e+14  2.7146561443e+14
  2.4095694700e+00  8.9969340227e+14  2.6420358788e+14
  2.4152838640e+00  8.9429966096e+14  2.5726892003e+14
  2.4209982580e+00  8.8938413112e+14  2.5063894599e+14
  2.4267126520e+00  8.8490303184e+14  2.4429277985e+14
  2.4324270460e+00  8.8081731239e+14  2.3821179629e+14
  2.4381414400e+00  8.7709320234e+14  2.3237990629e+14
  2.4438558340e+00  8.7370228665e+14  2.2678357468e+14
  2.4495702280e+00  8.7062107898e+14  2.2141157279e+14
  2.4552846220e+00  8.6783015318e+14  2.1625450484e+14
  2.4609990160e+00  8.6531296643e+14  2.1130418389e+14
  2.4667134100e+00  8.6305455707e+14  2.0655295737e+14
  2.4724278040e+00  8.6104031655e+14  2.0199308807e+14
  2.4781421980e+00  8.5925501833e+14  1.9761628506e+14
  2.4838565920e+00  8.5768223926e+14  1.9341345192e+14
  2.4895709860e+00  8.5630424049e+14  1.8937468171e+14
  2.4952853800e+00  8.5510229733e+14  1.8548948648e+14
  2.5009997740e+00  8.5405739389e+14  1.8174721049e+14
  2.5067141680e+00  8.5315114006e+14  1.7813754707e+14
  2.5124285620e+00  8.5236673677e+14  1.7465106388e+14
  2.5181429560e+00  8.5168981228e+14  1.7127964256e+14
  2.5238573500e+00  8.5110897988e+14  1.6801675562e+14
  2.5295717440e+00  8.5061601861e+14  1.6485753290e+14
  2.5352861380e+00  8.5020564508e+14  1.6179860638e+14
  2.5410005320e+00  8.4987491462e+14  1.5883776024e+14
  2.5467149260e+00  8.4962235205e+14  1.5597344515e+14
  2.5524293200e+00  8.4944695586e+14  1.5320423800e+14
  2.5581437140e+00  8.4934723829e+14  1.5052833555e+14
  2.5638581080e+00  8.4932045462e+14  1.4794316392e+14
  2.5695725020e+00  8.4936214041e+14  1.4544516431e+14
  2.5752868960e+00  8.4946602186e+14  1.4302978551e+14
  2.5810012900e+00  8.4962430080e+14  1.4069167801e+14
  2.5867156840e+00  8.4982825367e+14  1.3842505146e+14
  2.5924300780e+00  8.5006903254e+14  1.3622413045e+14
  2.5981444720e+00  8.5033852544e+14  1.3408362817e+14
  2.6038588660e+00  8.5063012610e+14  1.3199915655e+14
  2.6095732600e+00  8.5093928178e+14  1.2996750306e+14
  2.6152876540e+00  8.5126372804e+14  1.2798672849e+14
  2.6210020480e+00  8.5160337340e+14  1.2605607065e+14
  2.6267164420e+00  8.5195985682e+14  1.2417567187e+14
  2.6324308360e+00  8.5233585525e+14  1.2234617771e+14
  2.6381452300e+00  8.5273425948e+14  1.2056827506e+14
  2.6438596240e+00  8.5315735641e+14  1.1884224702e+14
  2.6495740180e+00  8.5360615292e+14  1.1716761829e+14
  2.6552884120e+00  8.5407995025e+14  1.1554294816e+14
  2.6610028060e+00  8.5457623452e+14  1.1396580309e+14
  2.6667172000e+00  8.5509089474e+14  1.1243291001e+14
  2.6724315940e+00  8.5561872505e+14  1.1094046141e+14
  2.6781459880e+00  8.5615412093e+14  1.0948451815e+14
  2.6838603820e+00  8.5669184812e+14  1.0806144035e+14
  2.6895747760e+00  8.5722775288e+14  1.0666827302e+14
  2.6952891700e+00  8.5775929422e+14  1.0530302164e+14
  2.7010035640e+00  8.5828581014e+14  1.0396477228e+14
  2.7067179580e+00  8.5880847626e+14  1.0265363746e+14
  2.7124323520e+00  8.5932996718e+14  1.0137053865e+14
  2.7181467460e+00  8.5985388079e+14  1.0011686332e+14
  2.7238611400e+00  8.6038402456e+14  9.8894055339e+13
  2.7295755340e+00  8.6092368481e+14  9.7703207824e+13
  2.7352899280e+00  8.6147500118e+14  9.6544726397e+13
  2.7410043220e+00  8.6203854911e+14  9.5418118322e+13
  2.7467187160e+00  8.6261319728e+14  9.4321941119e+13
  2.7524331100e+00  8.6319625972e+14  9.3253917228e+13
  2.7581475040e+00  8.6378391305e+14  9.2211193395e+13
  2.7638618980e+00  8.6437180480e+14  9.1190699368e+13
  2.7695762920e+00  8.6495574837e+14  9.0189544404e+13
  2.7752906860e+00  8.6553238615e+14  8.9205384353e+13
  2.7810050800e+00  8.6609970996e+14  8.8236697769e+13
  2.7867194740e+00  8.6665735251e+14  8.7282925381e+13
  2.7924338680e+00  8.6720660354e+14  8.6344450658e+13
  2.7981482620e+00  8.6775015059e+14  8.5422426083e+13
  2.8038626560e+00  8.6829159090e+14  8.4518475605e+13
  2.8095770500e+00  8.6883479841e+14  8.3634324206e+13
  2.8152914440e+00  8.6938325368e+14  8.2771417306e+13
  2.8210058380e+00  8.6993944906e+14  8.1930593822e+13
  2.8267202320e+00  8.7050446820e+14  8.1111867151e+13
  2.8324346260e+00  8.7107780830e+14  8.0314349749e+13
  2.8381490200e+00  8.7165747234e+14  7.9536332579e+13
  2.8438634140e+00  8.7224031298e+14  7.8775504643e+13
  2.8495778080e+00  8.7282256771e+14  7.8029274435e+13
  2.8552922020e+00  8.7340049356e+14  7.7295138397e+13
  2.8610065960e+00  8.7397099371e+14  7.6571034037e+13
  2.8667209900e+00  8.7453213089e+14  7.5855618438e+13
  2.8724353840e+00  8.7508344235e+14  7.5148425916e+13
  2.8781497780e+00  8.7562600525e+14  7.4449879203e+13
  2.8838641720e+00  8.7616224379e+14  7.3761153324e+13
  2.8895785660e+00  8.7669551243e+14  7.3083916039e+13
  2.8952929600e+00  8.7722952736e+14  7.2419989271e+13
  2.9010073540e+00  8.7776774250e+14  7.1770988853e+13
  2.9067217480e+00  8.7831277544e+14  7.1138003153e+13
  2.9124361420e+00  8.7886597899e+14  7.0521364186e+13
  2.9181505360e+00  8.7942722905e+14  6.9920548917e+13
  2.9238649300e+00  8.7999496257e+14  6.9334226383e+13
  2.9295793240e+00  8.8056645719e+14  6.8760441662e+13
  2.9352937180e+00  8.8113830372e+14  6.8196904858e+13
  2.9410081120e+00  8.8170699056e+14  6.7641335853e+13
  2.9467225060e+00  8.8226950117e+14  6.7091806531e+13
  2.9524369000e+00  8.8282382423e+14  6.6547023018e+13
  2.9581512940e+00  8.8336929141e+14  6.6006500865e+13
  2.9638656880e+00  8.8390668739e+14  6.5470604391e+13
  2.9695800820e+00  8.8443811518e+14  6.4940444349e+13
  2.9752944760e+00  8.8496664119e+14  6.4417651887e+13
  2.9810088700e+00  8.8549578094e+14  6.3904067433e+13
  2.9867232640e+00  8.8602891295e+14  6.3401397168e+13
  2.9924376580e+00  8.8656871953e+14  6.2910894902e+13
  2.9981520520e+00  8.8711674816e+14  6.2433122573e+13
  3.0038664460e+00  8.8767316622e+14  6.1967829128e+13
  3.0095808400e+00  8.8823674903e+14  6.1513967435e+13
  3.0152952340e+00  8.8880510174e+14  6.1069845653e+13
  3.0210096280e+00  8.8937507624e+14  6.0633386924e+13
  3.0267240220e+00  8.8994331210e+14  6.0202453217e+13
  3.0324384160e+00  8.9050680991e+14  5.9775178632e+13
  3.0381528100e+00  8.9106344058e+14  5.9350256131e+13
  3.0438672040e+00  8.9161230557e+14  5.8927129771e+13
  3.0495815980e+00  8.9215388841e+14  5.8506060586e+13
  3.0552959920e+00  8.9268997323e+14  5.8088055624e+13
  3.0610103860e+00  8.9322334525e+14  5.7674672633e+13
  3.0667247800e+00  8.9375732477e+14  5.7267733736e+13
  3.0724391740e+00  8.9429521358e+14  5.6868996502e+13
  3.0781535680e+00  8.9483974733e+14  5.6479837826e+13
  3.0838679620e+00  8.9539264559e+14  5.6101003570e+13
  3.0895823560e+00  8.9595433471e+14  5.5732465744e+13
  3.0952967500e+00  8.9652388911e+14  5.5373410716e+13
  3.1010111440e+00  8.9709919974e+14  5.5022359926e+13
  3.1067255380e+00  8.9767734042e+14  5.4677402294e+13
  3.1124399320e+00  8.9825506956e+14  5.4336498875e+13
  3.1181543260e+00  8.9882938251e+14  5.3997808356e+13
  3.1238687200e+00  8.9939802153e+14  5.3659978633e+13
  3.1295831140e+00  8.9995985808e+14  5.3322355665e+13
  3.1352975080e+00  9.0051508367e+14  5.2985074794e+13
  3.1410119020e+00  9.0106517824e+14  5.2649019602e+13
  3.1467262960e+00  9.0161266217e+14  5.2315655631e+13
  3.1524406900e+00  9.0216067450e+14  5.1986767286e+13
  3.1581550840e+00  9.0271244888e+14  5.1664142371e+13
  3.1638694780e+00  9.0327077551e+14  5.1349257368e+13
  3.1695838720e+00  9.0383753959e+14  5.1043016277e+13
  3.1752982660e+00  9.0441341331e+14  5.0745586703e+13
  3.1810126600e+00  9.0499775261e+14  5.0456360381e+13
  3.1867270540e+00  9.0558871522e+14  5.0174044444e+13
  3.1924414480e+00  9.0618357942e+14  4.9896867715e+13
  3.1981558420e+00  9.0677920934e+14  4.9622867084e+13
  3.2038702360e+00  9.0737258808e+14  4.9350205690e+13
  3.2095846300e+00  9.0796132908e+14  4.9077469380e+13
  3.2152990240e+00  9.0854407995e+14  4.8803891750e+13
  3.2210134180e+00  9.0912075115e+14  4.8529470135e+13
  3.2267278120e+00  9.0969253202e+14  4.8254953344e+13
  3.2324422060e+00  9.1026169176e+14  4.7981703462e+13
  3.2381566000e+00  9.1083119967e+14  4.7711455214e+13
  3.2438709940e+00  9.1140422879e+14  4.7446013486e+13
  3.2495853880e+00  9.1198362671e+14  4.7186939909e+13
  3.2552997820e+00  9.1257144228e+14  4.6935281139e+13
  3.2610141760e+00  9.1316858776e+14  4.6691384351e+13
  3.2667285700e+00  9.1377469257e+14  4.6454830764e+13
  3.2724429640e+00  9.1438817280e+14  4.6224498119e+13
  3.2781573580e+00  9.1500650421e+14  4.5998741392e+13
  3.2838717520e+00  9.1562665249e+14  4.5775661203e+13
  3.2895861460e+00  9.1624558807e+14  4.5553414697e+13
  3.2953005400e+00  9.1686079892e+14  4.5330516646e+13
  3.3010149340e+00  9.1747071529e+14  4.5106080227e+13
  3.3067293280e+00  9.1807497526e+14  4.4879957145e+13
  3.3124437220e+00  9.1867448677e+14  4.4652753702e+13
  3.3181581160e+00  9.1927127632e+14  4.4425720295e+13
  3.3238725100e+00  9.1986815002e+14  4.4200533040e+13
  3.3295869040e+00  9.2046822426e+14  4.3979004326e+13
  3.3353012980e+00  9.2107440516e+14  4.3762770961e+13
  3.3410156920e+00  9.2168890410e+14  4.3553012287e+13
  3.3467300860e+00  9.2231287073e+14  4.3350245567e+13
  3.3524444800e+00  9.2294620487e+14  4.3154232888e+13
  3.3581588740e+00  9.2358757849e+14  4.2964015128e+13
  3.3638732680e+00  9.2423466391e+14  4.2778067138e+13
  3.3695876620e+00  9.2488452939e+14  4.2594548000e+13
  3.3753020560e+00  9.2553413572e+14  4.2411604266e+13
  3.3810164500e+00  9.2618085008e+14  4.2227675210e+13
  3.3867308440e+00  9.2682289097e+14  4.2041748861e+13
  3.3924452380e+00  9.2745962961e+14  4.1853525844e+13
  3.3981596320e+00  9.2809169738e+14  4.1663463575e+13
  3.4038740260e+00  9.2872088144e+14  4.1472693466e+13
  3.4095884200e+00  9.2934982632e+14  4.1282825063e+13
  3.4153028140e+00  9.2998159181e+14  4.1095670082e+13
  3.4210172080e+00  9.3061914144e+14  4.0912932678e+13
  3.4267316020e+00  9.3126484755e+14  4.0735917962e+13
  3.4324459960e+00  9.3192009607e+14  4.0565307701e+13
  3.4381603900e+00  9.3258505714e+14  4.0401040842e+13
  3.4438747840e+00  9.3325866020e+14  4.0242318895e+13
  3.4495891780e+00  9.3393877727e+14  4.0087735269e+13
  3.4553035720e+00  9.3462258387e+14  3.9935506816e+13
  3.4610179660e+00  9.3530703660e+14  3.9783768734e+13
  3.4667323600e+00  9.3598938726e+14  3.9630883282e+13
  3.4724467540e+00  9.3666764716e+14  3.9475710509e+13
  3.4781611480e+00  9.3734092367e+14  3.9317795500e+13
  3.4838755420e+00  9.3800957257e+14  3.9157440715e+13
  3.4895899360e+00  9.3867514058e+14  3.8995651213e+13
  3.4953043300e+00  9.3934010801e+14  3.8833961944e+13
  3.5010187240e+00  9.4000747447e+14  3.8674176057e+13
  3.5067331180e+00  9.4068025748e+14  3.8518058116e+13
  3.5124475120e+00  9.4136098807e+14  3.8367033728e+13
  3.5181619060e+00  9.4205128808e+14  3.8221946010e+13
  3.5238763000e+00  9.4275160011e+14  3.8082909815e+13
  3.5295906940e+00  9.4346111555e+14  3.7949288252e+13
  3.5353050880e+00  9.4417791272e+14  3.7819795511e+13
  3.5410194820e+00  9.4489928195e+14  3.7692708825e+13
  3.5467338760e+00  9.4562218316e+14  3.7566154040e+13
  3.5524482700e+00  9.4634375899e+14  3.7438416910e+13
  3.5581626640e+00  9.4706181744e+14  3.7308227869e+13
  3.5638770580e+00  9.4777520295e+14  3.7174972423e+13
  3.5695914520e+00  9.4848399351e+14  3.7038791790e+13
  3.5753058460e+00  9.4918949067e+14  3.6900556762e+13
  3.5810202400e+00  9.4989400406e+14  3.6761719063e+13
  3.5867346340e+00  9.5060046638e+14  3.6624065026e+13
  3.5924490280e+00  9.5131194354e+14  3.6489412841e+13
  3.5981634220e+00  9.5203112204e+14  3.6359304159e+13
  3.6038778160e+00  9.5275985975e+14  3.6234741803e+13
  3.6095922100e+00  9.5349887548e+14  3.6116017713e+13
  3.6153066040e+00  9.5424762961e+14  3.6002660110e+13
  3.6210209980e+00  9.5500441610e+14  3.5893508914e+13
  3.6267353920e+00  9.5576665036e+14  3.5786906925e+13
  3.6324497860e+00  9.5653130514e+14  3.5680974824e+13
  3.6381641800e+00  9.5729542105e+14  3.5573923942e+13
  3.6438785740e+00  9.5805660639e+14  3.5464354315e+13
  3.6495929680e+00  9.5881344204e+14  3.5351487978e+13
  3.6553073620e+00  9.5956572353e+14  3.5235298194e+13
  3.6610217560e+00  9.6031449930e+14  3.5116512763e+13
  3.6667361500e+00  9.6106189860e+14  3.4996490640e+13
  3.6724505440e+00  9.6181077759e+14  3.4876992361e+13
  3.6781649380e+00  9.6256424283e+14  3.4759882649e+13
  3.6838793320e+00  9.6332513208e+14  3.4646815012e+13
  3.6895937260e+00  9.6409553955e+14  3.4538951268e+13
  3.6953081200e+00  9.6487646528e+14  3.4436763156e+13
  3.7010225140e+00  9.6566764788e+14  3.4339949514e+13
  3.7067369080e+00  9.6646760887e+14  3.4247483150e+13
  3.7124513020e+00  9.6727390159e+14  3.4157779796e+13
  3.7181656960e+00  9.6808352310e+14  3.4068961028e+13
  3.7238800900e+00  9.6889342035e+14  3.3979167185e+13
  3.7295944840e+00  9.6970100557e+14  3.3886867847e+13
  3.7353088780e+00  9.7050459440e+14  3.3791117726e+13
  3.7410232720e+00  9.7130369317e+14  3.3691714881e+13
  3.7467376660e+00  9.7209908656e+14  3.3589234453e+13
  3.7524520600e+00  9.7289271079e+14  3.3484931981e+13
  3.7581664540e+00  9.7368733307e+14  3.3380532231e+13
  3.7638808480e+00  9.7448609077e+14  3.3277938715e+13
  3.7695952420e+00  9.7529196759e+14  3.3178912511e+13
  3.7753096360e+00  9.7610729433e+14  3.3084774230e+13
  3.7810240300e+00  9.7693335841e+14  3.2996179254e+13
  3.7867384240e+00  9.7777018776e+14  3.2913004166e+13
  3.7924528180e+00  9.7861654587e+14  3.2834363735e+13
  3.7981672120e+00  9.7947013932e+14  3.2758755945e+13
  3.8038816060e+00  9.8032800324e+14  3.2684311057e+13
