#  Energy (ev)    Absorption NP      Absorption MG
  9.5239900000e-01  6.6590230069e+14  4.7946438218e+13
  9.5811339400e-01  6.6844556532e+14  4.8326117172e+13
  9.6382778800e-01  6.7077173961e+14  4.8673143178e+13
  9.6954218200e-01  6.7290328361e+14  4.8996161952e+13
  9.7525657600e-01  6.7489189690e+14  4.9308719327e+13
  9.8097097000e-01  6.7681010937e+14  4.9627027871e+13
  9.8668536400e-01  6.7873909534e+14  4.9967220596e+13
  9.9239975800e-01  6.8075475617e+14  5.0342558074e+13
  9.9811415200e-01  6.8291445470e+14  5.0761073518e+13
  1.0038285460e+00  6.8524671578e+14  5.1224074754e+13
  1.0095429400e+00  6.8774573569e+14  5.1725782279e+13
  1.0152573340e+00  6.9037174337e+14  5.2254191345e+13
  1.0209717280e+00  6.9305726136e+14  5.2793035344e+13
  1.0266861220e+00  6.9571829264e+14  5.3324533898e+13
  1.0324005160e+00  6.9826858698e+14  5.3832465862e+13
  1.0381149100e+00  7.0063457236e+14  5.4305040950e+13
  1.0438293040e+00  7.0276837575e+14  5.4737067018e+13
  1.0495436980e+00  7.0465663952e+14  5.5131021127e+13
  1.0552580920e+00  7.0632352441e+14  5.5496813940e+13
  1.0609724860e+00  7.0782726581e+14  5.5850258974e+13
  1.0666868800e+00  7.0925075433e+14  5.6210483060e+13
  1.0724012740e+00  7.1068765540e+14  5.6596703205e+13
  1.0781156680e+00  7.1222638437e+14  5.7024914451e+13
  1.0838300620e+00  7.1393466996e+14  5.7505061010e+13
  1.0895444560e+00  7.1584739058e+14  5.8039192132e+13
  1.0952588500e+00  7.1795985465e+14  5.8620944924e+13
  1.1009732440e+00  7.2022779691e+14  5.9236474250e+13
  1.1066876380e+00  7.2257422631e+14  5.9866701939e+13
  1.1124020320e+00  7.2490207829e+14  6.0490526118e+13
  1.1181164260e+00  7.2711059964e+14  6.1088456970e+13
  1.1238308200e+00  7.2911270684e+14  6.1646059100e+13
  1.1295452140e+00  7.3085033420e+14  6.2156599781e+13
  1.1352596080e+00  7.3230507552e+14  6.2622425846e+13
  1.1409740020e+00  7.3350218086e+14  6.3054800894e+13
  1.1466883960e+00  7.3450707913e+14  6.3472194579e+13
  1.1524027900e+00  7.3541487150e+14  6.3897283395e+13
  1.1581171840e+00  7.3633446506e+14  6.4353151418e+13
  1.1638315780e+00  7.3736997667e+14  6.4859329421e+13
  1.1695459720e+00  7.3860256421e+14  6.5428353964e+13
  1.1752603660e+00  7.4007583528e+14  6.6063454470e+13
  1.1809747600e+00  7.4178743214e+14  6.6757795850e+13
  1.1866891540e+00  7.4368838059e+14  6.7495445653e+13
  1.1924035480e+00  7.4569048373e+14  6.8253940648e+13
  1.1981179420e+00  7.4768065832e+14  6.9008048265e+13
  1.2038323360e+00  7.4953988843e+14  6.9734101829e+13
  1.2095467300e+00  7.5116362337e+14  7.0414174096e+13
  1.2152611240e+00  7.5248012743e+14  7.1039363328e+13
  1.2209755180e+00  7.5346356514e+14  7.1611601425e+13
  1.2266899120e+00  7.5413944310e+14  7.2143634232e+13
  1.2324043060e+00  7.5458129497e+14  7.2657131142e+13
  1.2381187000e+00  7.5489898281e+14  7.3179203167e+13
  1.2438330940e+00  7.5522044281e+14  7.3737890704e+13
  1.2495474880e+00  7.5566987691e+14  7.4357374496e+13
  1.2552618820e+00  7.5634607387e+14  7.5053730491e+13
  1.2609762760e+00  7.5730460639e+14  7.5831976562e+13
  1.2666906700e+00  7.5854706987e+14  7.6684955442e+13
  1.2724050640e+00  7.6001938735e+14  7.7594295366e+13
  1.2781194580e+00  7.6161968986e+14  7.8533337510e+13
  1.2838338520e+00  7.6321464103e+14  7.9471576830e+13
  1.2895482460e+00  7.6466159174e+14  8.0379889480e+13
  1.2952626400e+00  7.6583288148e+14  8.1235664742e+13
  1.3009770340e+00  7.6663814327e+14  8.2026952055e+13
  1.3066914280e+00  7.6704071151e+14  8.2754879605e+13
  1.3124058220e+00  7.6706515286e+14  8.3433878937e+13
  1.3181202160e+00  7.6679439647e+14  8.4089615992e+13
  1.3238346100e+00  7.6635669532e+14  8.4754922046e+13
  1.3295490040e+00  7.6590440969e+14  8.5464371499e+13
  1.3352633980e+00  7.6558806438e+14  8.6248405183e+13
  1.3409777920e+00  7.6553003530e+14  8.7128001761e+13
  1.3466921860e+00  7.6580239759e+14  8.8110833812e+13
  1.3524065800e+00  7.6641286847e+14  8.9189615866e+13
  1.3581209740e+00  7.6730148633e+14  9.0342993850e+13
  1.3638353680e+00  7.6834888640e+14  9.1538896979e+13
  1.3695497620e+00  7.6939505763e+14  9.2739845826e+13
  1.3752641560e+00  7.7026562787e+14  9.3909357645e+13
  1.3809785500e+00  7.7080134618e+14  9.5018375015e+13
  1.3866929440e+00  7.7088576043e+14  9.6050607402e+13
  1.3924073380e+00  7.7046626040e+14  9.7005829153e+13
  1.3981217320e+00  7.6956466474e+14  9.7900500785e+13
  1.4038361260e+00  7.6827522427e+14  9.8765522865e+13
  1.4095505200e+00  7.6675002273e+14  9.9641420749e+13
  1.4152649140e+00  7.6517392796e+14  1.0057171131e+14
  1.4209793080e+00  7.6373311060e+14  1.0159554048e+14
  1.4266937020e+00  7.6258237507e+14  1.0274084124e+14
  1.4324080960e+00  7.6181690776e+14  1.0401921224e+14
  1.4381224900e+00  7.6145345494e+14  1.0542345964e+14
  1.4438368840e+00  7.6142446869e+14  1.0692831569e+14
  1.4495512780e+00  7.6158663236e+14  1.0849431660e+14
  1.4552656720e+00  7.6174274097e+14  1.1007427599e+14
  1.4609800660e+00  7.6167357701e+14  1.1162132257e+14
  1.4666944600e+00  7.6117459166e+14  1.1309716565e+14
  1.4724088540e+00  7.6009120581e+14  1.1447916559e+14
  1.4781232480e+00  7.5834658220e+14  1.1576494350e+14
  1.4838376420e+00  7.5595681622e+14  1.1697364389e+14
  1.4895520360e+00  7.5303049423e+14  1.1814351094e+14
  1.4952664300e+00  7.4975216224e+14  1.1932606342e+14
  1.5009808240e+00  7.4635200665e+14  1.2057775158e+14
  1.5066952180e+00  7.4306650712e+14  1.2195044745e+14
  1.5124096120e+00  7.4009654474e+14  1.2348237249e+14
  1.5181240060e+00  7.3757011714e+14  1.2519105216e+14
  1.5238384000e+00  7.3551627323e+14  1.2706959780e+14
  1.5295527940e+00  7.3385518388e+14  1.2908709174e+14
  1.5352671880e+00  7.3240666059e+14  1.3119317258e+14
  1.5409815820e+00  7.3091633501e+14  1.3332619481e+14
  1.5466959760e+00  7.2909563286e+14  1.3542369283e+14
  1.5524103700e+00  7.2666914366e+14  1.3743342807e+14
  1.5581247640e+00  7.2342145985e+14  1.3932312471e+14
  1.5638391580e+00  7.1923533462e+14  1.4108714567e+14
  1.5695535520e+00  7.1411417796e+14  1.4274881449e+14
  1.5752679460e+00  7.0818432953e+14  1.4435778633e+14
  1.5809823400e+00  7.0167585044e+14  1.4598270143e+14
  1.5866967340e+00  6.9488423443e+14  1.4770018281e+14
  1.5924111280e+00  6.8811883924e+14  1.4958192140e+14
  1.5981255220e+00  6.8164638769e+14  1.5168200495e+14
  1.6038399160e+00  6.7563911053e+14  1.5402670630e+14
  1.6095543100e+00  6.7013673240e+14  1.5660862679e+14
  1.6152687040e+00  6.6502952918e+14  1.5938642688e+14
  1.6209830980e+00  6.6006637487e+14  1.6229046715e+14
  1.6266974920e+00  6.5488755350e+14  1.6523367139e+14
  1.6324118860e+00  6.4907780629e+14  1.6812597882e+14
  1.6381262800e+00  6.4223134514e+14  1.7089004019e+14
  1.6438406740e+00  6.3401806003e+14  1.7347546689e+14
  1.6495550680e+00  6.2423936865e+14  1.7586904298e+14
  1.6552694620e+00  6.1286332577e+14  1.7809886352e+14
  1.6609838560e+00  6.0003162825e+14  1.8023130050e+14
  1.6666982500e+00  5.8603560381e+14  1.8236087957e+14
  1.6724126440e+00  5.7126347362e+14  1.8459438934e+14
  1.6781270380e+00  5.5612628455e+14  1.8703163046e+14
  1.6838414320e+00  5.4097403666e+14  1.8974594786e+14
  1.6895558260e+00  5.2601592151e+14  1.9276792908e+14
  1.6952702200e+00  5.1125872072e+14  1.9607531960e+14
  1.7009846140e+00  4.9647512656e+14  1.9959132188e+14
  1.7066990080e+00  4.8120926747e+14  2.0319212179e+14
  1.7124134020e+00  4.6482066830e+14  2.0672291902e+14
  1.7181277960e+00  4.4656116614e+14  2.1002017830e+14
  1.7238421900e+00  4.2567303355e+14  2.1293653197e+14
  1.7295565840e+00  4.0149182906e+14  2.1536399580e+14
  1.7352709780e+00  3.7353522213e+14  2.1725108060e+14
  1.7409853720e+00  3.4155981514e+14  2.1861006890e+14
  1.7466997660e+00  3.0557193718e+14  2.1951212977e+14
  1.7524141600e+00  2.6578514008e+14  2.2006989997e+14
  1.7581285540e+00  2.2252582736e+14  2.2040939294e+14
  1.7638429480e+00  1.7609785316e+14  2.2063526903e+14
  1.7695573420e+00  1.2662559140e+14  2.2079525238e+14
  1.7752717360e+00  7.3901442829e+13  2.2085048485e+14
  1.7809861300e+00  1.7266793066e+13  2.2065863200e+14
  1.7867005240e+00  -4.4445744320e+13  2.1997549289e+14
  1.7924149180e+00  -1.1288659004e+14  2.1847876803e+14
  1.7981293120e+00  -1.9006740158e+14  2.1581471984e+14
  1.8038437060e+00  -2.7814325776e+14  2.1166507226e+14
  1.8095581000e+00  -3.7911286713e+14  2.0582809126e+14
  1.8152724940e+00  -4.9446434769e+14  1.9830485656e+14
  1.8209868880e+00  -6.2480518814e+14  1.8937973869e+14
  1.8267012820e+00  -7.6952188503e+14  1.7968339481e+14
  1.8324156760e+00  -9.2651619049e+14  1.7022740060e+14
  1.8381300700e+00  -1.0920603124e+15  1.6240195447e+14
  1.8438444640e+00  -1.2608029818e+15  1.5793173125e+14
  1.8495588580e+00  -1.4259430389e+15  1.5878953862e+14
  1.8552732520e+00  -1.5795687876e+15  1.6707240824e+14
  1.8609876460e+00  -1.7131420105e+15  1.8484951876e+14
  1.8667020400e+00  -1.8180876382e+15  2.1399528258e+14
  1.8724164340e+00  -1.8864359242e+15  2.5602349486e+14
  1.8781308280e+00  -1.9114554893e+15  3.1193926054e+14
  1.8838452220e+00  -1.8882140004e+15  3.8212431247e+14
  1.8895596160e+00  -1.8140089030e+15  4.6626837997e+14
  1.8952740100e+00  -1.6886230143e+15  5.6335476950e+14
  1.9009884040e+00  -1.5143775118e+15  6.7170278403e+14
  1.9067027980e+00  -1.2959758477e+15  7.8906368491e+14
  1.9124171920e+00  -1.0401539005e+15  9.1276129275e+14
  1.9181315860e+00  -7.5517164356e+14  1.0398637050e+15
  1.9238459800e+00  -4.5019742577e+14  1.1673695287e+15
  1.9295603740e+00  -1.3464579793e+14  1.2923908472e+15
  1.9352747680e+00  1.8246736952e+14  1.4123159802e+15
  1.9409891620e+00  4.9309310242e+14  1.5249378301e+15
  1.9467035560e+00  7.9059232587e+14  1.6285378616e+15
  1.9524179500e+00  1.0700208763e+15  1.7219209995e+15
  1.9581323440e+00  1.3282423795e+15  1.8044022788e+15
  1.9638467380e+00  1.5638739932e+15  1.8757512700e+15
  1.9695611320e+00  1.7770873426e+15  1.9361045079e+15
  1.9752755260e+00  1.9693005023e+15  1.9858589070e+15
  1.9809899200e+00  2.1428052009e+15  2.0255601764e+15
  1.9867043140e+00  2.3003758708e+15  2.0557995175e+15
  1.9924187080e+00  2.4449038659e+15  2.0771295856e+15
  1.9981331020e+00  2.5790919881e+15  2.0900072113e+15
  2.0038474960e+00  2.7052328281e+15  2.0947662244e+15
  2.0095618900e+00  2.8250811507e+15  2.0916194934e+15
  2.0152762840e+00  2.9398174969e+15  2.0806855379e+15
  2.0209906780e+00  3.0500890596e+15  2.0620322712e+15
  2.0267050720e+00  3.1561060105e+15  2.0357288778e+15
  2.0324194660e+00  3.2577675663e+15  2.0018966655e+15
  2.0381338600e+00  3.3547923069e+15  1.9607508610e+15
  2.0438482540e+00  3.4468311328e+15  1.9126274987e+15
  2.0495626480e+00  3.5335478100e+15  1.8579923853e+15
  2.0552770420e+00  3.6146600387e+15  1.7974321646e+15
  2.0609914360e+00  3.6899420293e+15  1.7316302864e+15
  2.0667058300e+00  3.7591964211e+15  1.6613328131e+15
  2.0724202240e+00  3.8222080734e+15  1.5873102015e+15
  2.0781346180e+00  3.8786942615e+15  1.5103213511e+15
  2.0838490120e+00  3.9282650402e+15  1.4310853605e+15
  2.0895634060e+00  3.9704043904e+15  1.3502647616e+15
  2.0952778000e+00  4.0044779658e+15  1.2684618243e+15
  2.1009921940e+00  4.0297677725e+15  1.1862271969e+15
  2.1067065880e+00  4.0455289295e+15  1.1040780465e+15
  2.1124209820e+00  4.0510596719e+15  1.0225213150e+15
  2.1181353760e+00  4.0457735713e+15  9.4207691666e+14
  2.1238497700e+00  4.0292628482e+15  8.6329578795e+14
  2.1295641640e+00  4.0013435384e+15  7.8676859874e+14
  2.1352785580e+00  3.9620767054e+15  7.1312249383e+14
  2.1409929520e+00  3.9117641898e+15  6.4300518685e+14
  2.1467073460e+00  3.8509217452e+15  5.7705776625e+14
  2.1524217400e+00  3.7802360513e+15  5.1587937995e+14
  2.1581361340e+00  3.7005143948e+15  4.5998827457e+14
  2.1638505280e+00  3.6126364033e+15  4.0978429236e+14
  2.1695649220e+00  3.5175160550e+15  3.6551780056e+14
  2.1752793160e+00  3.4160795300e+15  3.2726918481e+14
  2.1809937100e+00  3.3092608383e+15  2.9494162767e+14
  2.1867081040e+00  3.1980132386e+15  2.6826813993e+14
  2.1924224980e+00  3.0833309831e+15  2.4683198351e+14
  2.1981368920e+00  2.9662735100e+15  2.3009798560e+14
  2.2038512860e+00  2.8479833217e+15  2.1745102075e+14
  2.2095656800e+00  2.7296895855e+15  2.0823728211e+14
  2.2152800740e+00  2.6126918620e+15  2.0180393812e+14
  2.2209944680e+00  2.4983218927e+15  1.9753333819e+14
  2.2267088620e+00  2.3878854644e+15  1.9486897109e+14
  2.2324232560e+00  2.2825902950e+15  1.9333170736e+14
  2.2381376500e+00  2.1834689750e+15  1.9252625655e+14
  2.2438520440e+00  2.0913076882e+15  1.9213903156e+14
  2.2495664380e+00  2.0065914049e+15  1.9192955923e+14
  2.2552808320e+00  1.9294744580e+15  1.9171809583e+14
  2.2609952260e+00  1.8597821142e+15  1.9137215963e+14
  2.2667096200e+00  1.7970444659e+15  1.9079431760e+14
  2.2724240140e+00  1.7405593421e+15  1.8991286344e+14
  2.2781384080e+00  1.6894767237e+15  1.8867614707e+14
  2.2838528020e+00  1.6428940021e+15  1.8705042635e+14
  2.2895671960e+00  1.5999498551e+15  1.8502036550e+14
  2.2952815900e+00  1.5599047746e+15  1.8259081911e+14
  2.3009959840e+00  1.5221983273e+15  1.7978838159e+14
  2.3067103780e+00  1.4864767489e+15  1.7666135268e+14
  2.3124247720e+00  1.4525888965e+15  1.7327721558e+14
  2.3181391660e+00  1.4205532375e+15  1.6971734323e+14
  2.3238535600e+00  1.3905027012e+15  1.6606931464e+14
  2.3295679540e+00  1.3626172337e+15  1.6241780488e+14
  2.3352823480e+00  1.3370553294e+15  1.5883540097e+14
  2.3409967420e+00  1.3138954644e+15  1.5537481996e+14
  2.3467111360e+00  1.2930963335e+15  1.5206384418e+14
  2.3524255300e+00  1.2744814323e+15  1.4890387381e+14
  2.3581399240e+00  1.2577494042e+15  1.4587240517e+14
  2.3638543180e+00  1.2425073528e+15  1.4292908362e+14
  2.3695687120e+00  1.2283206777e+15  1.4002436945e+14
  2.3752831060e+00  1.2147704987e+15  1.3710940567e+14
  2.3809975000e+00  1.2015087528e+15  1.3414546527e+14
  2.3867118940e+00  1.1883017135e+15  1.3111142224e+14
  2.3924262880e+00  1.1750548315e+15  1.2800802253e+14
  2.3981406820e+00  1.1618150628e+15  1.2485827202e+14
  2.4038550760e+00  1.1487506603e+15  1.2170391453e+14
  2.4095694700e+00  1.1361121386e+15  1.1859863208e+14
  2.4152838640e+00  1.1241811643e+15  1.1559914897e+14
  2.4209982580e+00  1.1132159882e+15  1.1275576836e+14
  2.4267126520e+00  1.1034024483e+15  1.1010395620e+14
  2.4324270460e+00  1.0948184842e+15  1.0765840065e+14
  2.4381414400e+00  1.0874177293e+15  1.0541054710e+14
  2.4438558340e+00  1.0810344956e+15  1.0333001538e+14
  2.4495702280e+00  1.0754088916e+15  1.0136964687e+14
  2.4552846220e+00  1.0702275093e+15  9.9473317324e+13
  2.4609990160e+00  1.0651726245e+15  9.7585189597e+13
  2.4667134100e+00  1.0599715654e+15  9.5658845187e+13
  2.4724278040e+00  1.0544380235e+15  9.3664763363e+13
  2.4781421980e+00  1.0484985529e+15  9.1594904304e+13
  2.4838565920e+00  1.0422000711e+15  8.9463647790e+13
  2.4895709860e+00  1.0356973962e+15  8.7304956686e+13
  2.4952853800e+00  1.0292231852e+15  8.5166269881e+13
  2.5009997740e+00  1.0230455247e+15  8.3100175298e+13
  2.5067141680e+00  1.0174204015e+15  8.1155279087e+13
  2.5124285620e+00  1.0125470232e+15  7.9367811882e+13
  2.5181429560e+00  1.0085333766e+15  7.7755377965e+13
  2.5238573500e+00  1.0053776019e+15  7.6313882975e+13
  2.5295717440e+00  1.0029680580e+15  7.5018134290e+13
  2.5352861380e+00  1.0011018062e+15  7.3825987718e+13
  2.5410005320e+00  9.9951817858e+14  7.2685319371e+13
  2.5467149260e+00  9.9794163498e+14  7.1542632234e+13
  2.5524293200e+00  9.9612663754e+14  7.0351840827e+13
  2.5581437140e+00  9.9389703262e+14  6.9081757685e+13
  2.5638581080e+00  9.9117343617e+14  6.7721033571e+13
  2.5695725020e+00  9.8798419751e+14  6.6279739420e+13
  2.5752868960e+00  9.8445830537e+14  6.4787347201e+13
  2.5810012900e+00  9.8080162810e+14  6.3287472891e+13
  2.5867156840e+00  9.7726064134e+14  6.1830285543e+13
  2.5924300780e+00  9.7407983415e+14  6.0463871937e+13
  2.5981444720e+00  9.7145996892e+14  5.9226012791e+13
  2.6038588660e+00  9.6952414882e+14  5.8137747760e+13
  2.6095732600e+00  9.6829726892e+14  5.7199797210e+13
  2.6152876540e+00  9.6770213583e+14  5.6392422536e+13
  2.6210020480e+00  9.6757272599e+14  5.5678726190e+13
  2.6267164420e+00  9.6768218947e+14  5.5010815687e+13
  2.6324308360e+00  9.6778077058e+14  5.4337779113e+13
  2.6381452300e+00  9.6763721107e+14  5.3614122582e+13
  2.6438596240e+00  9.6707668420e+14  5.2807251030e+13
  2.6495740180e+00  9.6600895517e+14  5.1902743011e+13
  2.6552884120e+00  9.6444215520e+14  5.0906547790e+13
  2.6610028060e+00  9.6248000177e+14  4.9843754422e+13
  2.6667172000e+00  9.6030308149e+14  4.8754159510e+13
  2.6724315940e+00  9.5813746747e+14  4.7685395767e+13
  2.6781459880e+00  9.5621602825e+14  4.6684788090e+13
  2.6838603820e+00  9.5473895887e+14  4.5791310433e+13
  2.6895747760e+00  9.5384013691e+14  4.5028991989e+13
  2.6952891700e+00  9.5356487705e+14  4.4402870558e+13
  2.7010035640e+00  9.5386270624e+14  4.3898157717e+13
  2.7067179580e+00  9.5459624203e+14  4.3482738243e+13
  2.7124323520e+00  9.5556455740e+14  4.3112566525e+13
  2.7181467460e+00  9.5653700789e+14  4.2739039322e+13
  2.7238611400e+00  9.5729178071e+14  4.2317097811e+13
  2.7295755340e+00  9.5765268142e+14  4.1812696113e+13
  2.7352899280e+00  9.5751801841e+14  4.1208386784e+13
  2.7410043220e+00  9.5687681285e+14  4.0506095865e+13
  2.7467187160e+00  9.5580971630e+14  3.9726635934e+13
  2.7524331100e+00  9.5447459365e+14  3.8906054755e+13
  2.7581475040e+00  9.5307929330e+14  3.8089447169e+13
  2.7638618980e+00  9.5184625050e+14  3.7323280101e+13
  2.7695762920e+00  9.5097490274e+14  3.6647524859e+13
  2.7752906860e+00  9.5060822060e+14  3.6088917106e+13
  2.7810050800e+00  9.5080892641e+14  3.5656469694e+13
  2.7867194740e+00  9.5154931542e+14  3.5339980753e+13
  2.7924338680e+00  9.5271629361e+14  3.5111773902e+13
  2.7981482620e+00  9.5413069063e+14  3.4931364560e+13
  2.8038626560e+00  9.5557752460e+14  3.4752257109e+13
  2.8095770500e+00  9.5684208454e+14  3.4529723840e+13
  2.8152914440e+00  9.5774575476e+14  3.4228256924e+13
  2.8210058380e+00  9.5817558563e+14  3.3827444874e+13
  2.8267202320e+00  9.5810269751e+14  3.3325294272e+13
  2.8324346260e+00  9.5758650181e+14  3.2738449763e+13
  2.8381490200e+00  9.5676411380e+14  3.2099287492e+13
  2.8438634140e+00  9.5582681323e+14  3.1450381452e+13
  2.8495778080e+00  9.5498756588e+14  3.0837280675e+13
  2.8552922020e+00  9.5444509268e+14  3.0300814891e+13
  2.8610065960e+00  9.5435052140e+14  2.9870220765e+13
  2.8667209900e+00  9.5478219117e+14  2.9558238548e+13
  2.8724353840e+00  9.5573278648e+14  2.9358994513e+13
  2.8781497780e+00  9.5711089193e+14  2.9249014612e+13
  2.8838641720e+00  9.5875663483e+14  2.9191188661e+13
  2.8895785660e+00  9.6046872603e+14  2.9141010282e+13
  2.8952929600e+00  9.6203831447e+14  2.9054038591e+13
  2.9010073540e+00  9.6328395271e+14  2.8893326203e+13
  2.9067217480e+00  9.6408181125e+14  2.8635567862e+13
  2.9124361420e+00  9.6438610277e+14  2.8274942408e+13
  2.9181505360e+00  9.6423633891e+14  2.7824010705e+13
  2.9238649300e+00  9.6375026270e+14  2.7311527709e+13
  2.9295793240e+00  9.6310370281e+14  2.6777544612e+13
  2.9352937180e+00  9.6250078058e+14  2.6266630262e+13
  2.9410081120e+00  9.6213950133e+14  2.5820354014e+13
  2.9467225060e+00  9.6217851381e+14  2.5470292761e+13
  2.9524369000e+00  9.6271060173e+14  2.5232733599e+13
  2.9581512940e+00  9.6374732212e+14  2.5105956064e+13
  2.9638656880e+00  9.6521732056e+14  2.5070543136e+13
  2.9695800820e+00  9.6697855317e+14  2.5092661164e+13
  2.9752944760e+00  9.6884231521e+14  2.5129751283e+13
  2.9810088700e+00  9.7060500629e+14  2.5137671912e+13
  2.9867232640e+00  9.7208228151e+14  2.5078090952e+13
  2.9924376580e+00  9.7313985709e+14  2.4924887235e+13
  2.9981520520e+00  9.7371581971e+14  2.4668489764e+13
  3.0038664460e+00  9.7383072987e+14  2.4317431424e+13
  3.0095808400e+00  9.7358386638e+14  2.3896862499e+13
  3.0152952340e+00  9.7313628671e+14  2.3444279608e+13
  3.0210096280e+00  9.7268358401e+14  2.3003192053e+13
  3.0267240220e+00  9.7242293881e+14  2.2615791961e+13
  3.0324384160e+00  9.7252000504e+14  2.2315859534e+13
  3.0381528100e+00  9.7308118092e+14  2.2123092964e+13
  3.0438672040e+00  9.7413589654e+14  2.2039811455e+13
  3.0495815980e+00  9.7563185851e+14  2.2050580181e+13
  3.0552959920e+00  9.7744401240e+14  2.2124815092e+13
  3.0610103860e+00  9.7939568337e+14  2.2221925722e+13
  3.0667247800e+00  9.8128831875e+14  2.2298129291e+13
  3.0724391740e+00  9.8293482456e+14  2.2313790559e+13
  3.0781535680e+00  9.8419089839e+14  2.2240055463e+13
  3.0838679620e+00  9.8497911114e+14  2.2063666869e+13
  3.0895823560e+00  9.8530171791e+14  2.1789157169e+13
  3.0952967500e+00  9.8524007692e+14  2.1438053489e+13
  3.1010111440e+00  9.8494080424e+14  2.1045232668e+13
  3.1067255380e+00  9.8459101524e+14  2.0653040983e+13
  3.1124399320e+00  9.8438682706e+14  2.0304167640e+13
  3.1181543260e+00  9.8450041703e+14  2.0034468865e+13
  3.1238687200e+00  9.8505116309e+14  1.9866946345e+13
  3.1295831140e+00  9.8608569658e+14  1.9807888867e+13
  3.1352975080e+00  9.8757019479e+14  1.9845822206e+13
  3.1410119020e+00  9.8939618272e+14  1.9953440721e+13
  3.1467262960e+00  9.9139884645e+14  2.0092193934e+13
  3.1524406900e+00  9.9338476587e+14  2.0218756432e+13
  3.1581550840e+00  9.9516440014e+14  2.0292294250e+13
  3.1638694780e+00  9.9658387112e+14  2.0281308179e+13
  3.1695838720e+00  9.9755071618e+14  2.0168906364e+13
  3.1752982660e+00  9.9804930120e+14  1.9955622727e+13
  3.1810126600e+00  9.9814332425e+14  1.9659309962e+13
  3.1867270540e+00  9.9796500867e+14  1.9312126721e+13
  3.1924414480e+00  9.9769281570e+14  1.8955125931e+13
  3.1981558420e+00  9.9752142939e+14  1.8631353236e+13
  3.2038702360e+00  9.9762905703e+14  1.8378613971e+13
  3.2095846300e+00  9.9814753215e+14  1.8223122188e+13
  3.2152990240e+00  9.9914023079e+14  1.8175096829e+13
  3.2210134180e+00  1.0005914961e+15  1.8227043250e+13
  3.2267278120e+00  1.0024093327e+15  1.8355007669e+13
  3.2324422060e+00  1.0044409063e+15  1.8522593486e+13
  3.2381566000e+00  1.0064982363e+15  1.8687065200e+13
  3.2438709940e+00  1.0083897633e+15  1.8806515684e+13
  3.2495853880e+00  1.0099524926e+15  1.8846894311e+13
  3.2552997820e+00  1.0110793213e+15  1.8787716882e+13
  3.2610141760e+00  1.0117369694e+15  1.8625499402e+13
  3.2667285700e+00  1.0119715137e+15  1.8374339526e+13
  3.2724429640e+00  1.0119006037e+15  1.8063547836e+13
  3.2781573580e+00  1.0116936740e+15  1.7732725939e+13
  3.2838717520e+00  1.0115434774e+15  1.7425116651e+13
  3.2895861460e+00  1.0116337190e+15  1.7180341514e+13
  3.2953005400e+00  1.0121082208e+15  1.7027743906e+13
  3.3010149340e+00  1.0130467907e+15  1.6981454764e+13
  3.3067293280e+00  1.0144518389e+15  1.7038009370e+13
  3.3124437220e+00  1.0162479856e+15  1.7176916027e+13
  3.3181581160e+00  1.0182947221e+15  1.7364082519e+13
  3.3238725100e+00  1.0204099983e+15  1.7557526841e+13
  3.3295869040e+00  1.0224007788e+15  1.7714415251e+13
  3.3353012980e+00  1.0240954408e+15  1.7798247572e+13
  3.3410156920e+00  1.0253725779e+15  1.7784984294e+13
  3.3467300860e+00  1.0261813792e+15  1.7667086777e+13
  3.3524444800e+00  1.0265501624e+15  1.7454791271e+13
  3.3581588740e+00  1.0265816311e+15  1.7174400974e+13
  3.3638732680e+00  1.0264356467e+15  1.6863880408e+13
  3.3695876620e+00  1.0263024066e+15  1.6566489115e+13
  3.3753020560e+00  1.0263705235e+15  1.6323521181e+13
  3.3810164500e+00  1.0267953618e+15  1.6167367991e+13
  3.3867308440e+00  1.0276729424e+15  1.6116068477e+13
  3.3924452380e+00  1.0290237964e+15  1.6170262714e+13
  3.3981596320e+00  1.0307894815e+15  1.6313062428e+13
  3.4038740260e+00  1.0328423494e+15  1.6512863191e+13
  3.4095884200e+00  1.0350069343e+15  1.6728629654e+13
  3.4153028140e+00  1.0370893780e+15  1.6916769784e+13
  3.4210172080e+00  1.0389099608e+15  1.7038446505e+13
  3.4267316020e+00  1.0403332808e+15  1.7066100437e+13
  3.4324459960e+00  1.0412910163e+15  1.6988088258e+13
  3.4381603900e+00  1.0417934477e+15  1.6810655986e+13
  3.4438747840e+00  1.0419277955e+15  1.6556912537e+13
  3.4495891780e+00  1.0418436439e+15  1.6262971715e+13
  3.4553035720e+00  1.0417278846e+15  1.5971906032e+13
  3.4610179660e+00  1.0417733761e+15  1.5726523767e+13
  3.4667323600e+00  1.0421465708e+15  1.5562179522e+13
  3.4724467540e+00  1.0429595429e+15  1.5500824735e+13
  3.4781611480e+00  1.0442511132e+15  1.5547298405e+13
  3.4838755420e+00  1.0459802498e+15  1.5688484029e+13
  3.4895899360e+00  1.0480328643e+15  1.5895478866e+13
  3.4953043300e+00  1.0502408784e+15  1.6128416557e+13
  3.5010187240e+00  1.0524103769e+15  1.6343138328e+13
  3.5067331180e+00  1.0543541319e+15  1.6498596536e+13
  3.5124475120e+00  1.0559230478e+15  1.6563749464e+13
  3.5181619060e+00  1.0570312465e+15  1.6522789445e+13
  3.5238763000e+00  1.0576705766e+15  1.6377823873e+13
  3.5295906940e+00  1.0579120955e+15  1.6148554401e+13
  3.5353050880e+00  1.0578942577e+15  1.5869002359e+13
  3.5410194820e+00  1.0577997721e+15  1.5581824125e+13
  3.5467338760e+00  1.0578249947e+15  1.5331165573e+13
  3.5524482700e+00  1.0581469824e+15  1.5155251774e+13
  3.5581626640e+00  1.0588937333e+15  1.5079954965e+13
  3.5638770580e+00  1.0601226126e+15  1.5114422246e+13
  3.5695914520e+00  1.0618105998e+15  1.5249501210e+13
  3.5753058460e+00  1.0638580129e+15  1.5459233786e+13
  3.5810202400e+00  1.0661051092e+15  1.5705174442e+13
  3.5867346340e+00  1.0683587991e+15  1.5942814394e+13
  3.5924490280e+00  1.0704250070e+15  1.6129038553e+13
  3.5981634220e+00  1.0721412602e+15  1.6229366119e+13
  3.6038778160e+00  1.0734040347e+15  1.6223759197e+13
  3.6095922100e+00  1.0741862590e+15  1.6110021129e+13
  3.6153066040e+00  1.0745420181e+15  1.5904208364e+13
  3.6210209980e+00  1.0745976425e+15  1.5637979354e+13
  3.6267353920e+00  1.0745306495e+15  1.5353317729e+13
  3.6324497860e+00  1.0745400462e+15  1.5095508697e+13
  3.6381641800e+00  1.0748129606e+15  1.4905542939e+13
  3.6438785740e+00  1.0754931927e+15  1.4813221380e+13
  3.6495929680e+00  1.0766569708e+15  1.4832119931e+13
  3.6553073620e+00  1.0782999957e+15  1.4957264292e+13
  3.6610217560e+00  1.0803379764e+15  1.5165912423e+13
  3.6667361500e+00  1.0826205962e+15  1.5421321907e+13
  3.6724505440e+00  1.0849565986e+15  1.5678878238e+13
  3.6781649380e+00  1.0871458072e+15  1.5893562106e+13
  3.6838793320e+00  1.0890127231e+15  1.6027506230e+13
  3.6895937260e+00  1.0904360629e+15  1.6056373630e+13
  3.6953081200e+00  1.0913692691e+15  1.5973483356e+13
  3.7010225140e+00  1.0918485267e+15  1.5790984534e+13
  3.7067369080e+00  1.0919869084e+15  1.5537872818e+13
  3.7124513020e+00  1.0919555942e+15  1.5255172618e+13
  3.7181656960e+00  1.0919552835e+15  1.4989085045e+13
  3.7238800900e+00  1.0921825733e+15  1.4783245380e+13
  3.7295944840e+00  1.0927969314e+15  1.4671386837e+13
  3.7353088780e+00  1.0938938123e+15  1.4671643283e+13
  3.7410232720e+00  1.0954884448e+15  1.4783452465e+13
  3.7467376660e+00  1.0975130438e+15  1.4987587951e+13
  3.7524520600e+00  1.0998279541e+15  1.5249324653e+13
  3.7581664540e+00  1.1022448943e+15  1.5524216947e+13
  3.7638808480e+00  1.1045584361e+15  1.5765528237e+13
  3.7695952420e+00  1.1065804580e+15  1.5932070423e+13
  3.7753096360e+00  1.1081717979e+15  1.5995138770e+13
  3.7810240300e+00  1.1092657828e+15  1.5943375002e+13
  3.7867384240e+00  1.1098796596e+15  1.5784735093e+13
  3.7924528180e+00  1.1101119697e+15  1.5545221296e+13
  3.7981672120e+00  1.1101262644e+15  1.5264579789e+13
  3.8038816060e+00  1.1101238501e+15  1.4989675289e+13
