#  Energy (ev)    Absorption NP      Absorption MG
  9.5239900000e-01  5.9416370626e+14  4.3731977440e+13
  9.5811339400e-01  5.9692147381e+14  4.4110690431e+13
  9.6382778800e-01  5.9966568695e+14  4.4493133288e+13
  9.6954218200e-01  6.0239563336e+14  4.4879094312e+13
  9.7525657600e-01  6.0511053478e+14  4.5268273277e+13
  9.8097097000e-01  6.0780972636e+14  4.5660345970e+13
  9.8668536400e-01  6.1049282185e+14  4.6055034751e+13
  9.9239975800e-01  6.1315983556e+14  4.6452173017e+13
  9.9811415200e-01  6.1581123877e+14  4.6851752204e+13
  1.0038285460e+00  6.1844793902e+14  4.7253942762e+13
  1.0095429400e+00  6.2107118335e+14  4.7659084856e+13
  1.0152573340e+00  6.2368240004e+14  4.8067649709e+13
  1.0209717280e+00  6.2628300434e+14  4.8480177665e+13
  1.0266861220e+00  6.2887420053e+14  4.8897203202e+13
  1.0324005160e+00  6.3145681460e+14  4.9319179671e+13
  1.0381149100e+00  6.3403118710e+14  4.9746416869e+13
  1.0438293040e+00  6.3659714689e+14  5.0179042646e+13
  1.0495436980e+00  6.3915407248e+14  5.0616995813e+13
  1.0552580920e+00  6.4170103337e+14  5.1060052382e+13
  1.0609724860e+00  6.4423698935e+14  5.1507881399e+13
  1.0666868800e+00  6.4676101537e+14  5.1960121408e+13
  1.0724012740e+00  6.4927251378e+14  5.2416464799e+13
  1.0781156680e+00  6.5177137724e+14  5.2876735605e+13
  1.0838300620e+00  6.5425807257e+14  5.3340947116e+13
  1.0895444560e+00  6.5673362870e+14  5.3809328859e+13
  1.0952588500e+00  6.5919952794e+14  5.4282317559e+13
  1.1009732440e+00  6.6165751633e+14  5.4760512841e+13
  1.1066876380e+00  6.6410936351e+14  5.5244604550e+13
  1.1124020320e+00  6.6655661189e+14  5.5735283698e+13
  1.1181164260e+00  6.6900035858e+14  5.6233152169e+13
  1.1238308200e+00  6.7144110870e+14  5.6738646894e+13
  1.1295452140e+00  6.7387872807e+14  5.7251992120e+13
  1.1352596080e+00  6.7631250688e+14  5.7773188820e+13
  1.1409740020e+00  6.7874132729e+14  5.8302044090e+13
  1.1466883960e+00  6.8116390958e+14  5.8838236531e+13
  1.1524027900e+00  6.8357909735e+14  5.9381407225e+13
  1.1581171840e+00  6.8598613412e+14  5.9931261268e+13
  1.1638315780e+00  6.8838488364e+14  6.0487662575e+13
  1.1695459720e+00  6.9077595433e+14  6.1050705443e+13
  1.1752603660e+00  6.9316070369e+14  6.1620749944e+13
  1.1809747600e+00  6.9554111838e+14  6.2198414224e+13
  1.1866891540e+00  6.9791958702e+14  6.2784524030e+13
  1.1924035480e+00  7.0029860203e+14  6.3380027299e+13
  1.1981179420e+00  7.0268044041e+14  6.3985887872e+13
  1.2038323360e+00  7.0506687874e+14  6.4602976402e+13
  1.2095467300e+00  7.0745899389e+14  6.5231977533e+13
  1.2152611240e+00  7.0985708798e+14  6.5873330061e+13
  1.2209755180e+00  7.1226075603e+14  6.6527211575e+13
  1.2266899120e+00  7.1466909112e+14  6.7193571628e+13
  1.2324043060e+00  7.1708099768e+14  6.7872209220e+13
  1.2381187000e+00  7.1949556420e+14  6.8562882568e+13
  1.2438330940e+00  7.2191243458e+14  6.9265433232e+13
  1.2495474880e+00  7.2433211560e+14  6.9979903710e+13
  1.2552618820e+00  7.2675616680e+14  7.0706628189e+13
  1.2609762760e+00  7.2918723775e+14  7.1446280291e+13
  1.2666906700e+00  7.3162894299e+14  7.2199868680e+13
  1.2724050640e+00  7.3408559281e+14  7.2968680258e+13
  1.2781194580e+00  7.3656182430e+14  7.3754179810e+13
  1.2838338520e+00  7.3906219602e+14  7.4557882807e+13
  1.2895482460e+00  7.4159081925e+14  7.5381223305e+13
  1.2952626400e+00  7.4415109532e+14  7.6225440374e+13
  1.3009770340e+00  7.4674561353e+14  7.7091504051e+13
  1.3066914280e+00  7.4937623903e+14  7.7980095582e+13
  1.3124058220e+00  7.5204438841e+14  7.8891647804e+13
  1.3181202160e+00  7.5475145919e+14  7.9826441307e+13
  1.3238346100e+00  7.5749935130e+14  8.0784742240e+13
  1.3295490040e+00  7.6029100113e+14  8.1766960064e+13
  1.3352633980e+00  7.6313084386e+14  8.2773799520e+13
  1.3409777920e+00  7.6602512926e+14  8.3806381385e+13
  1.3466921860e+00  7.6898203974e+14  8.4866311395e+13
  1.3524065800e+00  7.7201159234e+14  8.5955685216e+13
  1.3581209740e+00  7.7512534452e+14  8.7077028271e+13
  1.3638353680e+00  7.7833596000e+14  8.8233180750e+13
  1.3695497620e+00  7.8165671917e+14  8.9427148191e+13
  1.3752641560e+00  7.8510107398e+14  9.0661944952e+13
  1.3809785500e+00  7.8868234560e+14  9.1940460242e+13
  1.3866929440e+00  7.9241364485e+14  9.3265373723e+13
  1.3924073380e+00  7.9630806232e+14  9.4639140204e+13
  1.3981217320e+00  8.0037913226e+14  9.6064051860e+13
  1.4038361260e+00  8.0464152922e+14  9.7542373443e+13
  1.4095505200e+00  8.0911191588e+14  9.9076533392e+13
  1.4152649140e+00  8.1380983309e+14  1.0066934372e+14
  1.4209793080e+00  8.1875851264e+14  1.0232421593e+14
  1.4266937020e+00  8.2398550471e+14  1.0404534022e+14
  1.4324080960e+00  8.2952304188e+14  1.0583780085e+14
  1.4381224900e+00  8.3540810809e+14  1.0770761143e+14
  1.4438368840e+00  8.4168223535e+14  1.0966166766e+14
  1.4495512780e+00  8.4839110516e+14  1.1170763051e+14
  1.4552656720e+00  8.5558407470e+14  1.1385376567e+14
  1.4609800660e+00  8.6331377374e+14  1.1610877517e+14
  1.4666944600e+00  8.7163591858e+14  1.1848165995e+14
  1.4724088540e+00  8.8060946476e+14  1.2098164950e+14
  1.4781232480e+00  8.9029717188e+14  1.2361822457e+14
  1.4838376420e+00  9.0076658914e+14  1.2640124443e+14
  1.4895520360e+00  9.1209139888e+14  1.2934117236e+14
  1.4952664300e+00  9.2435298954e+14  1.3244937563e+14
  1.5009808240e+00  9.3764208072e+14  1.3573846214e+14
  1.5066952180e+00  9.5206020010e+14  1.3922260719e+14
  1.5124096120e+00  9.6772082121e+14  1.4291782292e+14
  1.5181240060e+00  9.8475001120e+14  1.4684212993e+14
  1.5238384000e+00  1.0032865039e+15  1.5101560453e+14
  1.5295527940e+00  1.0234811937e+15  1.5546029344e+14
  1.5352671880e+00  1.0454961259e+15  1.6020000825e+14
  1.5409815820e+00  1.0695031233e+15  1.6526002919e+14
  1.5466959760e+00  1.0956822200e+15  1.7066676015e+14
  1.5524103700e+00  1.1242200631e+15  1.7644737960e+14
  1.5581247640e+00  1.1553083868e+15  1.8262952535e+14
  1.5638391580e+00  1.1891425629e+15  1.8924103417e+14
  1.5695535520e+00  1.2259200996e+15  1.9630973263e+14
  1.5752679460e+00  1.2658388203e+15  2.0386324700e+14
  1.5809823400e+00  1.3090943249e+15  2.1192877246e+14
  1.5866967340e+00  1.3558762504e+15  2.2053272063e+14
  1.5924111280e+00  1.4063628239e+15  2.2970015431e+14
  1.5981255220e+00  1.4607132673e+15  2.3945392394e+14
  1.6038399160e+00  1.5190577656e+15  2.4981344191e+14
  1.6095543100e+00  1.5814849579e+15  2.6079306972e+14
  1.6152687040e+00  1.6480272240e+15  2.7240014400e+14
  1.6209830980e+00  1.7186443980e+15  2.8463272675e+14
  1.6266974920e+00  1.7932068944e+15  2.9747722394e+14
  1.6324118860e+00  1.8714795477e+15  3.1090606805e+14
  1.6381262800e+00  1.9531076800e+15  3.2487569536e+14
  1.6438406740e+00  2.0376070067e+15  3.3932506197e+14
  1.6495550680e+00  2.1243589115e+15  3.5417492908e+14
  1.6552694620e+00  2.2126123827e+15  3.6932810755e+14
  1.6609838560e+00  2.3014934971e+15  3.8467078544e+14
  1.6666982500e+00  2.3900227935e+15  4.0007497737e+14
  1.6724126440e+00  2.4771402485e+15  4.1540203768e+14
  1.6781270380e+00  2.5617369068e+15  4.3050708247e+14
  1.6838414320e+00  2.6426915933e+15  4.4524407739e+14
  1.6895558260e+00  2.7189106161e+15  4.5947128025e+14
  1.6952702200e+00  2.7893680115e+15  4.7305668634e+14
  1.7009846140e+00  2.8531437338e+15  4.8588311597e+14
  1.7066990080e+00  2.9094572677e+15  4.9785260808e+14
  1.7124134020e+00  2.9576944506e+15  5.0888983957e+14
  1.7181277960e+00  2.9974257956e+15  5.1894436984e+14
  1.7238421900e+00  3.0284152685e+15  5.2799160671e+14
  1.7295565840e+00  3.0506192193e+15  5.3603249175e+14
  1.7352709780e+00  3.0641759339e+15  5.4309200087e+14
  1.7409853720e+00  3.0693869702e+15  5.4921663903e+14
  1.7466997660e+00  3.0666920192e+15  5.5447116988e+14
  1.7524141600e+00  3.0566394221e+15  5.5893485622e+14
  1.7581285540e+00  3.0398546527e+15  5.6269749517e+14
  1.7638429480e+00  3.0170090341e+15  5.6585551352e+14
  1.7695573420e+00  2.9887907095e+15  5.6850834952e+14
  1.7752717360e+00  2.9558794781e+15  5.7075529315e+14
  1.7809861300e+00  2.9189265826e+15  5.7269289519e+14
  1.7867005240e+00  2.8785399622e+15  5.7441299379e+14
  1.7924149180e+00  2.8352749343e+15  5.7600135206e+14
  1.7981293120e+00  2.7896297881e+15  5.7753685572e+14
  1.8038437060e+00  2.7420454158e+15  5.7909118927e+14
  1.8095581000e+00  2.6929078982e+15  5.8072889262e+14
  1.8152724940e+00  2.6425529071e+15  5.8250769624e+14
  1.8209868880e+00  2.5912708706e+15  5.8447903930e+14
  1.8267012820e+00  2.5393120519e+15  5.8668868812e+14
  1.8324156760e+00  2.4868909589e+15  5.8917738853e+14
  1.8381300700e+00  2.4341898011e+15  5.9198150188e+14
  1.8438444640e+00  2.3813609898e+15  5.9513358947e+14
  1.8495588580e+00  2.3285288942e+15  5.9866292130e+14
  1.8552732520e+00  2.2757912111e+15  6.0259589436e+14
  1.8609876460e+00  2.2232203501e+15  6.0695635194e+14
  1.8667020400e+00  2.1708651931e+15  6.1176580078e+14
  1.8724164340e+00  2.1187534799e+15  6.1704352775e+14
  1.8781308280e+00  2.0668949120e+15  6.2280662269e+14
  1.8838452220e+00  2.0152849025e+15  6.2906991917e+14
  1.8895596160e+00  1.9639087534e+15  6.3584586891e+14
  1.8952740100e+00  1.9127459417e+15  6.4314436881e+14
  1.9009884040e+00  1.8617741574e+15  6.5097255866e+14
  1.9067027980e+00  1.8109727683e+15  6.5933460417e+14
  1.9124171920e+00  1.7603254761e+15  6.6823147193e+14
  1.9181315860e+00  1.7098220611e+15  6.7766069244e+14
  1.9238459800e+00  1.6594592669e+15  6.8761609511e+14
  1.9295603740e+00  1.6092410143e+15  6.9808748930e+14
  1.9352747680e+00  1.5591782434e+15  7.0906025930e+14
  1.9409891620e+00  1.5092887285e+15  7.2051484291e+14
  1.9467035560e+00  1.4595971987e+15  7.3242607488e+14
  1.9524179500e+00  1.4101360097e+15  7.4476239757e+14
  1.9581323440e+00  1.3609464785e+15  7.5748497181e+14
  1.9638467380e+00  1.3120808240e+15  7.7054675698e+14
  1.9695611320e+00  1.2636044798e+15  7.8389166548e+14
  1.9752755260e+00  1.2155984007e+15  7.9745392746e+14
  1.9809899200e+00  1.1681608838e+15  8.1115781891e+14
  1.9867043140e+00  1.1214084028e+15  8.2491790475e+14
  1.9924187080e+00  1.0754750114e+15  8.3863992402e+14
  1.9981331020e+00  1.0305100080e+15  8.5222239471e+14
  2.0038474960e+00  9.8667375618e+14  8.6555894483e+14
  2.0095618900e+00  9.4413179869e+14  8.7854128831e+14
  2.0152762840e+00  9.0304765145e+14  8.9106267072e+14
  2.0209906780e+00  8.6357488551e+14  9.0302152094e+14
  2.0267050720e+00  8.2584926784e+14  9.1432497497e+14
  2.0324194660e+00  7.8998180500e+14  9.2489189913e+14
  2.0381338600e+00  7.5605350661e+14  9.3465504151e+14
  2.0438482540e+00  7.2411255233e+14  9.4356198840e+14
  2.0495626480e+00  6.9417432004e+14  9.5157469661e+14
  2.0552770420e+00  6.6622443668e+14  9.5866750664e+14
  2.0609914360e+00  6.4022468180e+14  9.6482370338e+14
  2.0667058300e+00  6.1612124486e+14  9.7003086434e+14
  2.0724202240e+00  5.9385455218e+14  9.7427539870e+14
  2.0781346180e+00  5.7336967229e+14  9.7753681455e+14
  2.0838490120e+00  5.5462620594e+14  9.7978233723e+14
  2.0895634060e+00  5.3760658388e+14  9.8096252369e+14
  2.0952778000e+00  5.2232183061e+14  9.8100847004e+14
  2.1009921940e+00  5.0881409346e+14  9.7983109140e+14
  2.1067065880e+00  4.9715555484e+14  9.7732277350e+14
  2.1124209820e+00  4.8744370929e+14  9.7336147194e+14
  2.1181353760e+00  4.7979335328e+14  9.6781708942e+14
  2.1238497700e+00  4.7432596626e+14  9.6055972014e+14
  2.1295641640e+00  4.7115742154e+14  9.5146914149e+14
  2.1352785580e+00  4.7038512695e+14  9.4044477966e+14
  2.1409929520e+00  4.7207574534e+14  9.2741529650e+14
  2.1467073460e+00  4.7625457963e+14  9.1234695054e+14
  2.1524217400e+00  4.8289753799e+14  8.9524997585e+14
  2.1581361340e+00  4.9192634263e+14  8.7618239063e+14
  2.1638505280e+00  5.0320733963e+14  8.5525087400e+14
  2.1695649220e+00  5.1655394102e+14  8.3260861195e+14
  2.1752793160e+00  5.3173241772e+14  8.0845028227e+14
  2.1809937100e+00  5.4847049283e+14  7.8300459591e+14
  2.1867081040e+00  5.6646798324e+14  7.5652501271e+14
  2.1924224980e+00  5.8540861902e+14  7.2927938309e+14
  2.1981368920e+00  6.0497213837e+14  7.0153932225e+14
  2.2038512860e+00  6.2484580898e+14  6.7357009776e+14
  2.2095656800e+00  6.4473464965e+14  6.4562171153e+14
  2.2152800740e+00  6.6436980191e+14  6.1792169773e+14
  2.2209944680e+00  6.8351470713e+14  5.9066996117e+14
  2.2267088620e+00  7.0196895716e+14  5.6403576834e+14
  2.2324232560e+00  7.1956988476e+14  5.3815680157e+14
  2.2381376500e+00  7.3619212651e+14  5.1314001562e+14
  2.2438520440e+00  7.5174551384e+14  4.8906391208e+14
  2.2495664380e+00  7.6617172043e+14  4.6598177940e+14
  2.2552808320e+00  7.7944011787e+14  4.4392543614e+14
  2.2609952260e+00  7.9154326980e+14  4.2290905755e+14
  2.2667096200e+00  8.0249243792e+14  4.0293274789e+14
  2.2724240140e+00  8.1231339258e+14  3.8398562889e+14
  2.2781384080e+00  8.2104272745e+14  3.6604833050e+14
  2.2838528020e+00  8.2872478542e+14  3.4909487748e+14
  2.2895671960e+00  8.3540921899e+14  3.3309405180e+14
  2.2952815900e+00  8.4114914178e+14  3.1801036654e+14
  2.3009959840e+00  8.4599978120e+14  3.0380480972e+14
  2.3067103780e+00  8.5001751764e+14  2.9043550694e+14
  2.3124247720e+00  8.5325919018e+14  2.7785841729e+14
  2.3181391660e+00  8.5578156055e+14  2.6602812642e+14
  2.3238535600e+00  8.5764084939e+14  2.5489874520e+14
  2.3295679540e+00  8.5889228797e+14  2.4442487232e+14
  2.3352823480e+00  8.5958965852e+14  2.3456254332e+14
  2.3409967420e+00  8.5978482293e+14  2.2527007172e+14
  2.3467111360e+00  8.5952726023e+14  2.1650869197e+14
  2.3524255300e+00  8.5886364552e+14  2.0824293703e+14
  2.3581399240e+00  8.5783750700e+14  2.0044071937e+14
  2.3638543180e+00  8.5648899353e+14  1.9307312686e+14
  2.3695687120e+00  8.5485477528e+14  1.8611398577e+14
  2.3752831060e+00  8.5296808566e+14  1.7953927509e+14
  2.3809975000e+00  8.5085889714e+14  1.7332649390e+14
  2.3867118940e+00  8.4855420900e+14  1.6745408462e+14
  2.3924262880e+00  8.4607841318e+14  1.6190099874e+14
  2.3981406820e+00  8.4345369718e+14  1.5664646298e+14
  2.4038550760e+00  8.4070044119e+14  1.5166996603e+14
  2.4095694700e+00  8.3783756973e+14  1.4695144735e+14
  2.4152838640e+00  8.3488282683e+14  1.4247163513e+14
  2.4209982580e+00  8.3185295517e+14  1.3821245701e+14
  2.4267126520e+00  8.2876377385e+14  1.3415743729e+14
  2.4324270460e+00  8.2563016300e+14  1.3029199951e+14
  2.4381414400e+00  8.2246597632e+14  1.2660361256e+14
  2.4438558340e+00  8.1928391104e+14  1.2308174716e+14
  2.4495702280e+00  8.1609537006e+14  1.1971764345e+14
  2.4552846220e+00  8.1291035024e+14  1.1650392316e+14
  2.4609990160e+00  8.0973738583e+14  1.1343410596e+14
  2.4667134100e+00  8.0658356700e+14  1.1050210483e+14
  2.4724278040e+00  8.0345464092e+14  1.0770177791e+14
  2.4781421980e+00  8.0035519050e+14  1.0502660319e+14
  2.4838565920e+00  7.9728887313e+14  1.0246952065e+14
  2.4895709860e+00  7.9425869266e+14  1.0002295776e+14
  2.4952853800e+00  7.9126727212e+14  9.7679023258e+13
  2.5009997740e+00  7.8831709405e+14  9.5429826699e+13
  2.5067141680e+00  7.8541067983e+14  9.3267861107e+13
  2.5124285620e+00  7.8255068778e+14  9.1186377543e+13
  2.5181429560e+00  7.7973992199e+14  8.9179683411e+13
  2.5238573500e+00  7.7698125671e+14  8.7243311080e+13
  2.5295717440e+00  7.7427749373e+14  8.5374026724e+13
  2.5352861380e+00  7.7163118013e+14  8.3569677129e+13
  2.5410005320e+00  7.6904441961e+14  8.1828899915e+13
  2.5467149260e+00  7.6651871105e+14  8.0150745454e+13
  2.5524293200e+00  7.6405484391e+14  7.8534272991e+13
  2.5581437140e+00  7.6165287064e+14  7.6978186937e+13
  2.5638581080e+00  7.5931216389e+14  7.5480571552e+13
  2.5695725020e+00  7.5703155323e+14  7.4038764847e+13
  2.5752868960e+00  7.5480952247e+14  7.2649388530e+13
  2.5810012900e+00  7.5264443948e+14  7.1308524438e+13
  2.5867156840e+00  7.5053478446e+14  7.0012003525e+13
  2.5924300780e+00  7.4847934248e+14  6.8755755204e+13
  2.5981444720e+00  7.4647733175e+14  6.7536155656e+13
  2.6038588660e+00  7.4452844860e+14  6.6350314946e+13
  2.6095732600e+00  7.4263282355e+14  6.5196254153e+13
  2.6152876540e+00  7.4079089671e+14  6.4072943034e+13
  2.6210020480e+00  7.3900323376e+14  6.2980192767e+13
  2.6267164420e+00  7.3727031316e+14  6.1918422857e+13
  2.6324308360e+00  7.3559232011e+14  6.0888342271e+13
  2.6381452300e+00  7.3396898154e+14  5.9890598806e+13
  2.6438596240e+00  7.3239947003e+14  5.8925455360e+13
  2.6495740180e+00  7.3088239341e+14  5.7992546522e+13
  2.6552884120e+00  7.2941587285e+14  5.7090754728e+13
  2.6610028060e+00  7.2799769783e+14  5.6218224658e+13
  2.6667172000e+00  7.2662553382e+14  5.5372511126e+13
  2.6724315940e+00  7.2529714970e+14  5.4550833347e+13
  2.6781459880e+00  7.2401062844e+14  5.3750390977e+13
  2.6838603820e+00  7.2276452712e+14  5.2968687498e+13
  2.6895747760e+00  7.2155796047e+14  5.2203805985e+13
  2.6952891700e+00  7.2039059429e+14  5.1454590964e+13
  2.7010035640e+00  7.1926254987e+14  5.0720706414e+13
  2.7067179580e+00  7.1817423500e+14  5.0002561172e+13
  2.7124323520e+00  7.1712612915e+14  4.9301115369e+13
  2.7181467460e+00  7.1611855820e+14  4.8617601439e+13
  2.7238611400e+00  7.1515149567e+14  4.7953207210e+13
  2.7295755340e+00  7.1422442345e+14  4.7308774509e+13
  2.7352899280e+00  7.1333627520e+14  4.6684563549e+13
  2.7410043220e+00  7.1248547205e+14  4.6080121825e+13
  2.7467187160e+00  7.1167004534e+14  4.5494278295e+13
  2.7524331100e+00  7.1088782644e+14  4.4925262406e+13
  2.7581475040e+00  7.1013667264e+14  4.4370926555e+13
  2.7638618980e+00  7.0941469237e+14  4.3829033407e+13
  2.7695762920e+00  7.0872043224e+14  4.3297559007e+13
  2.7752906860e+00  7.0805299532e+14  4.2774960385e+13
  2.7810050800e+00  7.0741207072e+14  4.2260362847e+13
  2.7867194740e+00  7.0679786934e+14  4.1753636001e+13
  2.7924338680e+00  7.0621097609e+14  4.1255346571e+13
  2.7981482620e+00  7.0565214267e+14  4.0766596824e+13
  2.8038626560e+00  7.0512205493e+14  4.0288776621e+13
  2.8095770500e+00  7.0462111317e+14  3.9823271328e+13
  2.8152914440e+00  7.0414926167e+14  3.9371174943e+13
  2.8210058380e+00  7.0370589582e+14  3.8933056508e+13
  2.8267202320e+00  7.0328986230e+14  3.8508818525e+13
  2.8324346260e+00  7.0289955269e+14  3.8097670400e+13
  2.8381490200e+00  7.0253307505e+14  3.7698220407e+13
  2.8438634140e+00  7.0218847539e+14  3.7308669758e+13
  2.8495778080e+00  7.0186397233e+14  3.6927075350e+13
  2.8552922020e+00  7.0155816611e+14  3.6551636483e+13
  2.8610065960e+00  7.0127018714e+14  3.6180957117e+13
  2.8667209900e+00  7.0099975921e+14  3.5814239724e+13
  2.8724353840e+00  7.0074716662e+14  3.5451378558e+13
  2.8781497780e+00  7.0051313026e+14  3.5092937299e+13
  2.8838641720e+00  7.0029861305e+14  3.4740015510e+13
  2.8895785660e+00  7.0010458661e+14  3.4394027027e+13
  2.8952929600e+00  6.9993179778e+14  3.4056428004e+13
  2.9010073540e+00  6.9978057385e+14  3.3728440577e+13
  2.9067217480e+00  6.9965069870e+14  3.3410818537e+13
  2.9124361420e+00  6.9954138070e+14  3.3103694084e+13
  2.9181505360e+00  6.9945131791e+14  3.2806530878e+13
  2.9238649300e+00  6.9937884993e+14  3.2518190630e+13
  2.9295793240e+00  6.9932217132e+14  3.2237101343e+13
  2.9352937180e+00  6.9927957134e+14  3.1961498357e+13
  2.9410081120e+00  6.9924966002e+14  3.1689697269e+13
  2.9467225060e+00  6.9923154301e+14  3.1420352686e+13
  2.9524369000e+00  6.9922491588e+14  3.1152659408e+13
  2.9581512940e+00  6.9923006190e+14  3.0886462506e+13
  2.9638656880e+00  6.9924775348e+14  3.0622258265e+13
  2.9695800820e+00  6.9927907319e+14  3.0361086347e+13
  2.9752944760e+00  6.9932518412e+14  3.0104331794e+13
  2.9810088700e+00  6.9938708745e+14  2.9853470547e+13
  2.9867232640e+00  6.9946540768e+14  2.9609801449e+13
  2.9924376580e+00  6.9956024121e+14  2.9374209786e+13
  2.9981520520e+00  6.9967109367e+14  2.9147001916e+13
  3.0038664460e+00  6.9979691667e+14  2.8927838402e+13
  3.0095808400e+00  6.9993623804e+14  2.8715776449e+13
  3.0152952340e+00  7.0008736410e+14  2.8509414003e+13
  3.0210096280e+00  7.0024862040e+14  2.8307110902e+13
  3.0267240220e+00  7.0041859093e+14  2.8107249569e+13
  3.0324384160e+00  7.0059631582e+14  2.7908491340e+13
  3.0381528100e+00  7.0078141448e+14  2.7709985345e+13
  3.0438672040e+00  7.0097411351e+14  2.7511495078e+13
  3.0495815980e+00  7.0117517429e+14  2.7313421676e+13
  3.0552959920e+00  7.0138573214e+14  2.7116720379e+13
  3.0610103860e+00  7.0160707358e+14  2.6922724590e+13
  3.0667247800e+00  7.0184038871e+14  2.6732907363e+13
  3.0724391740e+00  7.0208653978e+14  2.6548620609e+13
  3.0781535680e+00  7.0234588478e+14  2.6370855843e+13
  3.0838679620e+00  7.0261818538e+14  2.6200066583e+13
  3.0895823560e+00  7.0290261500e+14  2.6036081986e+13
  3.0952967500e+00  7.0319786575e+14  2.5878125943e+13
  3.1010111440e+00  7.0350233674e+14  2.5724938073e+13
  3.1067255380e+00  7.0381437249e+14  2.5574975981e+13
  3.1124399320e+00  7.0413251175e+14  2.5426664592e+13
  3.1181543260e+00  7.0445570533e+14  2.5278650522e+13
  3.1238687200e+00  7.0478346628e+14  2.5130018792e+13
  3.1295831140e+00  7.0511592732e+14  2.4980435574e+13
  3.1352975080e+00  7.0545379561e+14  2.4830193200e+13
  3.1410119020e+00  7.0579821206e+14  2.4680150133e+13
  3.1467262960e+00  7.0615053847e+14  2.4531576235e+13
  3.1524406900e+00  7.0651210780e+14  2.4385929533e+13
  3.1581550840e+00  7.0688397913e+14  2.4244602134e+13
  3.1638694780e+00  7.0726673828e+14  2.4108677988e+13
  3.1695838720e+00  7.0766037742e+14  2.3978743159e+13
  3.1752982660e+00  7.0806427416e+14  2.3854780317e+13
  3.1810126600e+00  7.0847727364e+14  2.3736164979e+13
  3.1867270540e+00  7.0889786038e+14  2.3621763919e+13
  3.1924414480e+00  7.0932439134e+14  2.3510119002e+13
  3.1981558420e+00  7.0975535142e+14  2.3399685422e+13
  3.2038702360e+00  7.1018958880e+14  2.3289084231e+13
  3.2095846300e+00  7.1062649067e+14  2.3177326732e+13
  3.2152990240e+00  7.1106606987e+14  2.3063973126e+13
  3.2210134180e+00  7.1150894765e+14  2.2949198871e+13
  3.2267278120e+00  7.1195623512e+14  2.2833757770e+13
  3.2324422060e+00  7.1240933290e+14  2.2718848145e+13
  3.2381566000e+00  7.1286968225e+14  2.2605904704e+13
  3.2438709940e+00  7.1333850902e+14  2.2496351145e+13
  3.2495853880e+00  7.1381660327e+14  2.2391355084e+13
  3.2552997820e+00  7.1430417151e+14  2.2291626440e+13
  3.2610141760e+00  7.1480078635e+14  2.2197293057e+13
  3.2667285700e+00  7.1530544242e+14  2.2107874348e+13
  3.2724429640e+00  7.1581670939e+14  2.2022357271e+13
  3.2781573580e+00  7.1633295687e+14  2.1939361754e+13
  3.2838717520e+00  7.1685261381e+14  2.1857367710e+13
  3.2895861460e+00  7.1737441903e+14  2.1774965465e+13
  3.2953005400e+00  7.1789762109e+14  2.1691087532e+13
  3.3010149340e+00  7.1842209384e+14  2.1605182844e+13
  3.3067293280e+00  7.1894834798e+14  2.1517304235e+13
  3.3124437220e+00  7.1947743659e+14  2.1428094555e+13
  3.3181581160e+00  7.2001076982e+14  2.1338673816e+13
  3.3238725100e+00  7.2054986961e+14  2.1250446391e+13
  3.3295869040e+00  7.2109610523e+14  2.1164860652e+13
  3.3353012980e+00  7.2165045374e+14  2.1083161454e+13
  3.3410156920e+00  7.2221332562e+14  2.1006176992e+13
  3.3467300860e+00  7.2278448482e+14  2.0934175796e+13
  3.3524444800e+00  7.2336307698e+14  2.0866817850e+13
  3.3581588740e+00  7.2394776148e+14  2.0803207995e+13
  3.3638732680e+00  7.2453692542e+14  2.0742042619e+13
  3.3695876620e+00  7.2512894421e+14  2.0681824985e+13
  3.3753020560e+00  7.2572244513e+14  2.0621113038e+13
  3.3810164500e+00  7.2631652990e+14  2.0558758078e+13
  3.3867308440e+00  7.2691091878e+14  2.0494094241e+13
  3.3924452380e+00  7.2750599196e+14  2.0427046972e+13
  3.3981596320e+00  7.2810272081e+14  2.0358142291e+13
  3.4038740260e+00  7.2870250016e+14  2.0288415277e+13
  3.4095884200e+00  7.2930690939e+14  2.0219233133e+13
  3.4153028140e+00  7.2991744202e+14  2.0152062509e+13
  3.4210172080e+00  7.3053524884e+14  2.0088220139e+13
  3.4267316020e+00  7.3116093778e+14  2.0028648639e+13
  3.4324459960e+00  7.3179446411e+14  1.9973755110e+13
  3.4381603900e+00  7.3243512960e+14  1.9923339661e+13
  3.4438747840e+00  7.3308169133e+14  1.9876625884e+13
  3.4495891780e+00  7.3373256217e+14  1.9832388206e+13
  3.4553035720e+00  7.3438606981e+14  1.9789154789e+13
  3.4610179660e+00  7.3504073110e+14  1.9745451948e+13
  3.4667323600e+00  7.3569549594e+14  1.9700049097e+13
  3.4724467540e+00  7.3634991967e+14  1.9652163078e+13
  3.4781611480e+00  7.3700423497e+14  1.9601587573e+13
  3.4838755420e+00  7.3765931072e+14  1.9548725793e+13
  3.4895899360e+00  7.3831650437e+14  1.9494520900e+13
  3.4953043300e+00  7.3897743212e+14  1.9440295750e+13
  3.5010187240e+00  7.3964369503e+14  1.9387528782e+13
  3.5067331180e+00  7.4031660683e+14  1.9337603619e+13
  3.5124475120e+00  7.4099696887e+14  1.9291574382e+13
  3.5181619060e+00  7.4168493015e+14  1.9249986137e+13
  3.5238763000e+00  7.4237995624e+14  1.9212780672e+13
  3.5295906940e+00  7.4308091258e+14  1.9179303502e+13
  3.5353050880e+00  7.4378624871e+14  1.9148411054e+13
  3.5410194820e+00  7.4449425305e+14  1.9118660146e+13
  3.5467338760e+00  7.4520333573e+14  1.9088548048e+13
  3.5524482700e+00  7.4591229233e+14  1.9056762899e+13
  3.5581626640e+00  7.4662050413e+14  1.9022402441e+13
  3.5638770580e+00  7.4732804136e+14  1.8985124319e+13
  3.5695914520e+00  7.4803565141e+14  1.8945202611e+13
  3.5753058460e+00  7.4874463383e+14  1.8903480970e+13
  3.5810202400e+00  7.4945662239e+14  1.8861230082e+13
  3.5867346340e+00  7.5017331043e+14  1.8819933241e+13
  3.5924490280e+00  7.5089616513e+14  1.8781035898e+13
  3.5981634220e+00  7.5162617867e+14  1.8745701202e+13
  3.6038778160e+00  7.5236369795e+14  1.8714612554e+13
  3.6095922100e+00  7.5310836184e+14  1.8687856412e+13
  3.6153066040e+00  7.5385915681e+14  1.8664905163e+13
  3.6210209980e+00  7.5461458215e+14  1.8644703102e+13
  3.6267353920e+00  7.5537289771e+14  1.8625841278e+13
  3.6324497860e+00  7.5613241275e+14  1.8606792016e+13
  3.6381641800e+00  7.5689176791e+14  1.8586163856e+13
  3.6438785740e+00  7.5765016299e+14  1.8562934149e+13
  3.6495929680e+00  7.5840749211e+14  1.8536620218e+13
  3.6553073620e+00  7.5916436319e+14  1.8507360220e+13
  3.6610217560e+00  7.5992199810e+14  1.8475889957e+13
  3.6667361500e+00  7.6068202951e+14  1.8443419299e+13
  3.6724505440e+00  7.6144622820e+14  1.8411428763e+13
  3.6781649380e+00  7.6221620595e+14  1.8381420213e+13
  3.6838793320e+00  7.6299314399e+14  1.8354663436e+13
  3.6895937260e+00  7.6377759233e+14  1.8331981137e+13
  3.6953081200e+00  7.6456937403e+14  1.8313608522e+13
  3.7010225140e+00  7.6536761096e+14  1.8299151236e+13
  3.7067369080e+00  7.6617086719e+14  1.8287648930e+13
  3.7124513020e+00  7.6697738659e+14  1.8277734058e+13
  3.7181656960e+00  7.6778538526e+14  1.8267859466e+13
  3.7238800900e+00  7.6859335002e+14  1.8256556742e+13
  3.7295944840e+00  7.6940029300e+14  1.8242682020e+13
  3.7353088780e+00  7.7020591948e+14  1.8225607956e+13
  3.7410232720e+00  7.7101068041e+14  1.8205329486e+13
  3.7467376660e+00  7.7181570031e+14  1.8182465389e+13
  3.7524520600e+00  7.7262259202e+14  1.8158155114e+13
  3.7581664540e+00  7.7343318877e+14  1.8133867904e+13
  3.7638808480e+00  7.7424923811e+14  1.8111156019e+13
  3.7695952420e+00  7.7507210880e+14  1.8091393334e+13
  3.7753096360e+00  7.7590255980e+14  1.8075543164e+13
  3.7810240300e+00  7.7674061037e+14  1.8063994365e+13
  3.7867384240e+00  7.7758553364e+14  1.8056493449e+13
  3.7924528180e+00  7.7843597517e+14  1.8052184372e+13
  3.7981672120e+00  7.7929017736e+14  1.8049749659e+13
  3.8038816060e+00  7.8014627267e+14  1.8047629459e+13
