#  Energy (ev)    Absorption NP      Absorption MG
  9.5239900000e-01  4.2425977431e+14  5.0939078679e+13
  9.5811339400e-01  4.2712693822e+14  5.1636354245e+13
  9.6382778800e-01  4.3001948903e+14  5.2344072963e+13
  9.6954218200e-01  4.3293881159e+14  5.3062470387e+13
  9.7525657600e-01  4.3588633332e+14  5.3791787798e+13
  9.8097097000e-01  4.3886352581e+14  5.4532272353e+13
  9.8668536400e-01  4.4187190646e+14  5.5284177239e+13
  9.9239975800e-01  4.4491304010e+14  5.6047761838e+13
  9.9811415200e-01  4.4798854080e+14  5.6823291887e+13
  1.0038285460e+00  4.5110007365e+14  5.7611039644e+13
  1.0095429400e+00  4.5424935667e+14  5.8411284061e+13
  1.0152573340e+00  4.5743816271e+14  5.9224310957e+13
  1.0209717280e+00  4.6066832152e+14  6.0050413193e+13
  1.0266861220e+00  4.6394172182e+14  6.0889890856e+13
  1.0324005160e+00  4.6726031348e+14  6.1743051442e+13
  1.0381149100e+00  4.7062610973e+14  6.2610210042e+13
  1.0438293040e+00  4.7404118951e+14  6.3491689536e+13
  1.0495436980e+00  4.7750769990e+14  6.4387820782e+13
  1.0552580920e+00  4.8102785857e+14  6.5298942820e+13
  1.0609724860e+00  4.8460395636e+14  6.6225403066e+13
  1.0666868800e+00  4.8823836001e+14  6.7167557514e+13
  1.0724012740e+00  4.9193351484e+14  6.8125770946e+13
  1.0781156680e+00  4.9569194766e+14  6.9100417132e+13
  1.0838300620e+00  4.9951626970e+14  7.0091879040e+13
  1.0895444560e+00  5.0340917961e+14  7.1100549044e+13
  1.0952588500e+00  5.0737346664e+14  7.2126829129e+13
  1.1009732440e+00  5.1141201383e+14  7.3171131102e+13
  1.1066876380e+00  5.1552780132e+14  7.4233876797e+13
  1.1124020320e+00  5.1972390973e+14  7.5315498278e+13
  1.1181164260e+00  5.2400352372e+14  7.6416438045e+13
  1.1238308200e+00  5.2836993551e+14  7.7537149230e+13
  1.1295452140e+00  5.3282654862e+14  7.8678095794e+13
  1.1352596080e+00  5.3737688159e+14  7.9839752718e+13
  1.1409740020e+00  5.4202457188e+14  8.1022606185e+13
  1.1466883960e+00  5.4677337981e+14  8.2227153756e+13
  1.1524027900e+00  5.5162719262e+14  8.3453904541e+13
  1.1581171840e+00  5.5659002855e+14  8.4703379352e+13
  1.1638315780e+00  5.6166604105e+14  8.5976110848e+13
  1.1695459720e+00  5.6685952305e+14  8.7272643665e+13
  1.1752603660e+00  5.7217491123e+14  8.8593534527e+13
  1.1809747600e+00  5.7761679043e+14  8.9939352340e+13
  1.1866891540e+00  5.8318989798e+14  9.1310678261e+13
  1.1924035480e+00  5.8889912817e+14  9.2708105747e+13
  1.1981179420e+00  5.9474953663e+14  9.4132240572e+13
  1.2038323360e+00  6.0074634476e+14  9.5583700813e+13
  1.2095467300e+00  6.0689494414e+14  9.7063116810e+13
  1.2152611240e+00  6.1320090082e+14  9.8571131070e+13
  1.2209755180e+00  6.1966995963e+14  1.0010839815e+14
  1.2266899120e+00  6.2630804837e+14  1.0167558447e+14
  1.2324043060e+00  6.3312128186e+14  1.0327336811e+14
  1.2381187000e+00  6.4011596581e+14  1.0490243847e+14
  1.2438330940e+00  6.4729860059e+14  1.0656349600e+14
  1.2495474880e+00  6.5467588464e+14  1.0825725169e+14
  1.2552618820e+00  6.6225471769e+14  1.0998442665e+14
  1.2609762760e+00  6.7004220359e+14  1.1174575147e+14
  1.2666906700e+00  6.7804565274e+14  1.1354196554e+14
  1.2724050640e+00  6.8627258408e+14  1.1537381632e+14
  1.2781194580e+00  6.9473072657e+14  1.1724205838e+14
  1.2838338520e+00  7.0342801995e+14  1.1914745241e+14
  1.2895482460e+00  7.1237261495e+14  1.2109076407e+14
  1.2952626400e+00  7.2157287261e+14  1.2307276268e+14
  1.3009770340e+00  7.3103736276e+14  1.2509421978e+14
  1.3066914280e+00  7.4077486148e+14  1.2715590749e+14
  1.3124058220e+00  7.5079434741e+14  1.2925859670e+14
  1.3181202160e+00  7.6110499691e+14  1.3140305507e+14
  1.3238346100e+00  7.7171617771e+14  1.3359004477e+14
  1.3295490040e+00  7.8263744105e+14  1.3582032009e+14
  1.3352633980e+00  7.9387851210e+14  1.3809462465e+14
  1.3409777920e+00  8.0544927849e+14  1.4041368848e+14
  1.3466921860e+00  8.1735977666e+14  1.4277822472e+14
  1.3524065800e+00  8.2962017599e+14  1.4518892610e+14
  1.3581209740e+00  8.4224076031e+14  1.4764646096e+14
  1.3638353680e+00  8.5523190667e+14  1.5015146910e+14
  1.3695497620e+00  8.6860406106e+14  1.5270455710e+14
  1.3752641560e+00  8.8236771081e+14  1.5530629336e+14
  1.3809785500e+00  8.9653335349e+14  1.5795720265e+14
  1.3866929440e+00  9.1111146180e+14  1.6065776034e+14
  1.3924073380e+00  9.2611244443e+14  1.6340838604e+14
  1.3981217320e+00  9.4154660237e+14  1.6620943691e+14
  1.4038361260e+00  9.5742408033e+14  1.6906120041e+14
  1.4095505200e+00  9.7375481319e+14  1.7196388655e+14
  1.4152649140e+00  9.9054846683e+14  1.7491761969e+14
  1.4209793080e+00  1.0078143732e+15  1.7792242976e+14
  1.4266937020e+00  1.0255614595e+15  1.8097824300e+14
  1.4324080960e+00  1.0437981703e+15  1.8408487215e+14
  1.4381224900e+00  1.0625323839e+15  1.8724200616e+14
  1.4438368840e+00  1.0817713208e+15  1.9044919937e+14
  1.4495512780e+00  1.1015214457e+15  1.9370586022e+14
  1.4552656720e+00  1.1217883617e+15  1.9701123956e+14
  1.4609800660e+00  1.1425766973e+15  2.0036441847e+14
  1.4666944600e+00  1.1638899859e+15  2.0376429583e+14
  1.4724088540e+00  1.1857305375e+15  2.0720957554e+14
  1.4781232480e+00  1.2080993042e+15  2.1069875358e+14
  1.4838376420e+00  1.2309957374e+15  2.1423010498e+14
  1.4895520360e+00  1.2544176394e+15  2.1780167077e+14
  1.4952664300e+00  1.2783610091e+15  2.2141124515e+14
  1.5009808240e+00  1.3028198816e+15  2.2505636293e+14
  1.5066952180e+00  1.3277861652e+15  2.2873428746e+14
  1.5124096120e+00  1.3532494736e+15  2.3244199931e+14
  1.5181240060e+00  1.3791969582e+15  2.3617618578e+14
  1.5238384000e+00  1.4056131393e+15  2.3993323160e+14
  1.5295527940e+00  1.4324797400e+15  2.4370921112e+14
  1.5352671880e+00  1.4597755243e+15  2.4749988207e+14
  1.5409815820e+00  1.4874761418e+15  2.5130068143e+14
  1.5466959760e+00  1.5155539819e+15  2.5510672357e+14
  1.5524103700e+00  1.5439780411e+15  2.5891280104e+14
  1.5581247640e+00  1.5727138058e+15  2.6271338834e+14
  1.5638391580e+00  1.6017231542e+15  2.6650264897e+14
  1.5695535520e+00  1.6309642820e+15  2.7027444607e+14
  1.5752679460e+00  1.6603916543e+15  2.7402235702e+14
  1.5809823400e+00  1.6899559887e+15  2.7773969213e+14
  1.5866967340e+00  1.7196042720e+15  2.8141951780e+14
  1.5924111280e+00  1.7492798164e+15  2.8505468424e+14
  1.5981255220e+00  1.7789223561e+15  2.8863785784e+14
  1.6038399160e+00  1.8084681890e+15  2.9216155836e+14
  1.6095543100e+00  1.8378503665e+15  2.9561820074e+14
  1.6152687040e+00  1.8669989312e+15  2.9900014151e+14
  1.6209830980e+00  1.8958412069e+15  3.0229972950e+14
  1.6266974920e+00  1.9243021388e+15  3.0550936053e+14
  1.6324118860e+00  1.9523046846e+15  3.0862153560e+14
  1.6381262800e+00  1.9797702549e+15  3.1162892199e+14
  1.6438406740e+00  2.0066192003e+15  3.1452441651e+14
  1.6495550680e+00  2.0327713401e+15  3.1730121025e+14
  1.6552694620e+00  2.0581465296e+15  3.1995285377e+14
  1.6609838560e+00  2.0826652581e+15  3.2247332176e+14
  1.6666982500e+00  2.1062492701e+15  3.2485707616e+14
  1.6724126440e+00  2.1288222033e+15  3.2709912670e+14
  1.6781270380e+00  2.1503102314e+15  3.2919508755e+14
  1.6838414320e+00  2.1706427040e+15  3.3114122919e+14
  1.6895558260e+00  2.1897527717e+15  3.3293452439e+14
  1.6952702200e+00  2.2075779876e+15  3.3457268727e+14
  1.7009846140e+00  2.2240608731e+15  3.3605420460e+14
  1.7066990080e+00  2.2391494387e+15  3.3737835875e+14
  1.7124134020e+00  2.2527976510e+15  3.3854524148e+14
  1.7181277960e+00  2.2649658368e+15  3.3955575840e+14
  1.7238421900e+00  2.2756210178e+15  3.4041162380e+14
  1.7295565840e+00  2.2847371696e+15  3.4111534588e+14
  1.7352709780e+00  2.2922954012e+15  3.4167020266e+14
  1.7409853720e+00  2.2982840526e+15  3.4208020883e+14
  1.7466997660e+00  2.3026987105e+15  3.4235007439e+14
  1.7524141600e+00  2.3055421411e+15  3.4248515555e+14
  1.7581285540e+00  2.3068241454e+15  3.4249139904e+14
  1.7638429480e+00  2.3065613397e+15  3.4237528073e+14
  1.7695573420e+00  2.3047768671e+15  3.4214373974e+14
  1.7752717360e+00  2.3015000478e+15  3.4180410911e+14
  1.7809861300e+00  2.2967659749e+15  3.4136404427e+14
  1.7867005240e+00  2.2906150653e+15  3.4083145054e+14
  1.7924149180e+00  2.2830925737e+15  3.4021441063e+14
  1.7981293120e+00  2.2742480805e+15  3.3952111330e+14
  1.8038437060e+00  2.2641349602e+15  3.3875978418e+14
  1.8095581000e+00  2.2528098415e+15  3.3793861956e+14
  1.8152724940e+00  2.2403320665e+15  3.3706572380e+14
  1.8209868880e+00  2.2267631565e+15  3.3614905125e+14
  1.8267012820e+00  2.2121662912e+15  3.3519635282e+14
  1.8324156760e+00  2.1966058085e+15  3.3421512790e+14
  1.8381300700e+00  2.1801467290e+15  3.3321258156e+14
  1.8438444640e+00  2.1628543088e+15  3.3219558738e+14
  1.8495588580e+00  2.1447936267e+15  3.3117065578e+14
  1.8552732520e+00  2.1260292039e+15  3.3014390791e+14
  1.8609876460e+00  2.1066246622e+15  3.2912105469e+14
  1.8667020400e+00  2.0866424179e+15  3.2810738113e+14
  1.8724164340e+00  2.0661434136e+15  3.2710773526e+14
  1.8781308280e+00  2.0451868863e+15  3.2612652166e+14
  1.8838452220e+00  2.0238301709e+15  3.2516769901e+14
  1.8895596160e+00  2.0021285382e+15  3.2423478145e+14
  1.8952740100e+00  1.9801350645e+15  3.2333084325e+14
  1.9009884040e+00  1.9579005316e+15  3.2245852643e+14
  1.9067027980e+00  1.9354733541e+15  3.2162005104e+14
  1.9124171920e+00  1.9128995323e+15  3.2081722760e+14
  1.9181315860e+00  1.8902226277e+15  3.2005147149e+14
  1.9238459800e+00  1.8674837591e+15  3.1932381887e+14
  1.9295603740e+00  1.8447216162e+15  3.1863494382e+14
  1.9352747680e+00  1.8219724893e+15  3.1798517661e+14
  1.9409891620e+00  1.7992703115e+15  3.1737452254e+14
  1.9467035560e+00  1.7766467135e+15  3.1680268148e+14
  1.9524179500e+00  1.7541310862e+15  3.1626906758e+14
  1.9581323440e+00  1.7317506516e+15  3.1577282926e+14
  1.9638467380e+00  1.7095305398e+15  3.1531286914e+14
  1.9695611320e+00  1.6874938701e+15  3.1488786390e+14
  1.9752755260e+00  1.6656618348e+15  3.1449628384e+14
  1.9809899200e+00  1.6440537857e+15  3.1413641222e+14
  1.9867043140e+00  1.6226873212e+15  3.1380636413e+14
  1.9924187080e+00  1.6015783734e+15  3.1350410493e+14
  1.9981331020e+00  1.5807412948e+15  3.1322746819e+14
  2.0038474960e+00  1.5601889433e+15  3.1297417310e+14
  2.0095618900e+00  1.5399327661e+15  3.1274184123e+14
  2.0152762840e+00  1.5199828804e+15  3.1252801279e+14
  2.0209906780e+00  1.5003481526e+15  3.1233016219e+14
  2.0267050720e+00  1.4810362740e+15  3.1214571302e+14
  2.0324194660e+00  1.4620538337e+15  3.1197205237e+14
  2.0381338600e+00  1.4434063885e+15  3.1180654450e+14
  2.0438482540e+00  1.4250985298e+15  3.1164654384e+14
  2.0495626480e+00  1.4071339469e+15  3.1148940744e+14
  2.0552770420e+00  1.3895154874e+15  3.1133250663e+14
  2.0609914360e+00  1.3722452149e+15  3.1117323813e+14
  2.0667058300e+00  1.3553244625e+15  3.1100903451e+14
  2.0724202240e+00  1.3387538848e+15  3.1083737393e+14
  2.0781346180e+00  1.3225335060e+15  3.1065578935e+14
  2.0838490120e+00  1.3066627655e+15  3.1046187700e+14
  2.0895634060e+00  1.2911405611e+15  3.1025330427e+14
  2.0952778000e+00  1.2759652899e+15  3.1002781697e+14
  2.1009921940e+00  1.2611348859e+15  3.0978324597e+14
  2.1067065880e+00  1.2466468567e+15  3.0951751313e+14
  2.1124209820e+00  1.2324983169e+15  3.0922863678e+14
  2.1181353760e+00  1.2186860202e+15  3.0891473643e+14
  2.1238497700e+00  1.2052063898e+15  3.0857403698e+14
  2.1295641640e+00  1.1920555463e+15  3.0820487230e+14
  2.1352785580e+00  1.1792293348e+15  3.0780568826e+14
  2.1409929520e+00  1.1667233499e+15  3.0737504513e+14
  2.1467073460e+00  1.1545329600e+15  3.0691161949e+14
  2.1524217400e+00  1.1426533292e+15  3.0641420561e+14
  2.1581361340e+00  1.1310794392e+15  3.0588171617e+14
  2.1638505280e+00  1.1198061092e+15  3.0531318268e+14
  2.1695649220e+00  1.1088280150e+15  3.0470775522e+14
  2.1752793160e+00  1.0981397073e+15  3.0406470182e+14
  2.1809937100e+00  1.0877356285e+15  3.0338340735e+14
  2.1867081040e+00  1.0776101291e+15  3.0266337196e+14
  2.1924224980e+00  1.0677574833e+15  3.0190420921e+14
  2.1981368920e+00  1.0581719032e+15  3.0110564370e+14
  2.2038512860e+00  1.0488475528e+15  3.0026750841e+14
  2.2095656800e+00  1.0397785611e+15  2.9938974173e+14
  2.2152800740e+00  1.0309590343e+15  2.9847238415e+14
  2.2209944680e+00  1.0223830678e+15  2.9751557471e+14
  2.2267088620e+00  1.0140447567e+15  2.9651954719e+14
  2.2324232560e+00  1.0059382070e+15  2.9548462609e+14
  2.2381376500e+00  9.9805754469e+14  2.9441122245e+14
  2.2438520440e+00  9.9039692536e+14  2.9329982945e+14
  2.2495664380e+00  9.8295054281e+14  2.9215101796e+14
  2.2552808320e+00  9.7571263710e+14  2.9096543193e+14
  2.2609952260e+00  9.6867750216e+14  2.8974378371e+14
  2.2667096200e+00  9.6183949283e+14  2.8848684936e+14
  2.2724240140e+00  9.5519303132e+14  2.8719546387e+14
  2.2781384080e+00  9.4873261328e+14  2.8587051644e+14
  2.2838528020e+00  9.4245281330e+14  2.8451294573e+14
  2.2895671960e+00  9.3634828992e+14  2.8312373517e+14
  2.2952815900e+00  9.3041379022e+14  2.8170390833e+14
  2.3009959840e+00  9.2464415396e+14  2.8025452441e+14
  2.3067103780e+00  9.1903431720e+14  2.7877667373e+14
  2.3124247720e+00  9.1357931563e+14  2.7727147341e+14
  2.3181391660e+00  9.0827428737e+14  2.7574006318e+14
  2.3238535600e+00  9.0311447547e+14  2.7418360126e+14
  2.3295679540e+00  8.9809522999e+14  2.7260326045e+14
  2.3352823480e+00  8.9321200971e+14  2.7100022437e+14
  2.3409967420e+00  8.8846038354e+14  2.6937568383e+14
  2.3467111360e+00  8.8383603157e+14  2.6773083339e+14
  2.3524255300e+00  8.7933474579e+14  2.6606686813e+14
  2.3581399240e+00  8.7495243055e+14  2.6438498054e+14
  2.3638543180e+00  8.7068510270e+14  2.6268635763e+14
  2.3695687120e+00  8.6652889148e+14  2.6097217822e+14
  2.3752831060e+00  8.6248003813e+14  2.5924361038e+14
  2.3809975000e+00  8.5853489533e+14  2.5750180911e+14
  2.3867118940e+00  8.5468992635e+14  2.5574791415e+14
  2.3924262880e+00  8.5094170404e+14  2.5398304801e+14
  2.3981406820e+00  8.4728690963e+14  2.5220831412e+14
  2.4038550760e+00  8.4372233136e+14  2.5042479521e+14
  2.4095694700e+00  8.4024486295e+14  2.4863355180e+14
  2.4152838640e+00  8.3685150199e+14  2.4683562093e+14
  2.4209982580e+00  8.3353934811e+14  2.4503201495e+14
  2.4267126520e+00  8.3030560114e+14  2.4322372052e+14
  2.4324270460e+00  8.2714755910e+14  2.4141169774e+14
  2.4381414400e+00  8.2406261614e+14  2.3959687940e+14
  2.4438558340e+00  8.2104826040e+14  2.3778017039e+14
  2.4495702280e+00  8.1810207180e+14  2.3596244720e+14
  2.4552846220e+00  8.1522171978e+14  2.3414455753e+14
  2.4609990160e+00  8.1240496101e+14  2.3232732007e+14
  2.4667134100e+00  8.0964963700e+14  2.3051152427e+14
  2.4724278040e+00  8.0695367182e+14  2.2869793033e+14
  2.4781421980e+00  8.0431506965e+14  2.2688726920e+14
  2.4838565920e+00  8.0173191244e+14  2.2508024265e+14
  2.4895709860e+00  7.9920235752e+14  2.2327752349e+14
  2.4952853800e+00  7.9672463526e+14  2.2147975578e+14
  2.5009997740e+00  7.9429704668e+14  2.1968755516e+14
  2.5067141680e+00  7.9191796115e+14  2.1790150917e+14
  2.5124285620e+00  7.8958581411e+14  2.1612217771e+14
  2.5181429560e+00  7.8729910474e+14  2.1435009349e+14
  2.5238573500e+00  7.8505639379e+14  2.1258576250e+14
  2.5295717440e+00  7.8285630134e+14  2.1082966457e+14
  2.5352861380e+00  7.8069750463e+14  2.0908225392e+14
  2.5410005320e+00  7.7857873597e+14  2.0734395977e+14
  2.5467149260e+00  7.7649878064e+14  2.0561518693e+14
  2.5524293200e+00  7.7445647482e+14  2.0389631645e+14
  2.5581437140e+00  7.7245070368e+14  2.0218770624e+14
  2.5638581080e+00  7.7048039934e+14  2.0048969177e+14
  2.5695725020e+00  7.6854453909e+14  1.9880258670e+14
  2.5752868960e+00  7.6664214348e+14  1.9712668360e+14
  2.5810012900e+00  7.6477227456e+14  1.9546225456e+14
  2.5867156840e+00  7.6293403420e+14  1.9380955195e+14
  2.5924300780e+00  7.6112656237e+14  1.9216880904e+14
  2.5981444720e+00  7.5934903557e+14  1.9054024070e+14
  2.6038588660e+00  7.5760066527e+14  1.8892404406e+14
  2.6095732600e+00  7.5588069637e+14  1.8732039922e+14
  2.6152876540e+00  7.5418840580e+14  1.8572946982e+14
  2.6210020480e+00  7.5252310109e+14  1.8415140378e+14
  2.6267164420e+00  7.5088411899e+14  1.8258633387e+14
  2.6324308360e+00  7.4927082423e+14  1.8103437838e+14
  2.6381452300e+00  7.4768260820e+14  1.7949564169e+14
  2.6438596240e+00  7.4611888775e+14  1.7797021490e+14
  2.6495740180e+00  7.4457910403e+14  1.7645817642e+14
  2.6552884120e+00  7.4306272139e+14  1.7495959251e+14
  2.6610028060e+00  7.4156922625e+14  1.7347451787e+14
  2.6667172000e+00  7.4009812615e+14  1.7200299617e+14
  2.6724315940e+00  7.3864894870e+14  1.7054506058e+14
  2.6781459880e+00  7.3722124067e+14  1.6910073428e+14
  2.6838603820e+00  7.3581456709e+14  1.6767003097e+14
  2.6895747760e+00  7.3442851042e+14  1.6625295534e+14
  2.6952891700e+00  7.3306266967e+14  1.6484950354e+14
  2.7010035640e+00  7.3171665966e+14  1.6345966364e+14
  2.7067179580e+00  7.3039011027e+14  1.6208341605e+14
  2.7124323520e+00  7.2908266569e+14  1.6072073396e+14
  2.7181467460e+00  7.2779398377e+14  1.5937158372e+14
  2.7238611400e+00  7.2652373529e+14  1.5803592525e+14
  2.7295755340e+00  7.2527160342e+14  1.5671371240e+14
  2.7352899280e+00  7.2403728304e+14  1.5540489332e+14
  2.7410043220e+00  7.2282048021e+14  1.5410941080e+14
  2.7467187160e+00  7.2162091158e+14  1.5282720262e+14
  2.7524331100e+00  7.2043830393e+14  1.5155820185e+14
  2.7581475040e+00  7.1927239363e+14  1.5030233715e+14
  2.7638618980e+00  7.1812292619e+14  1.4905953310e+14
  2.7695762920e+00  7.1698965582e+14  1.4782971044e+14
  2.7752906860e+00  7.1587234503e+14  1.4661278639e+14
  2.7810050800e+00  7.1477076419e+14  1.4540867484e+14
  2.7867194740e+00  7.1368469118e+14  1.4421728667e+14
  2.7924338680e+00  7.1261391105e+14  1.4303852992e+14
  2.7981482620e+00  7.1155821562e+14  1.4187231007e+14
  2.8038626560e+00  7.1051740318e+14  1.4071853020e+14
  2.8095770500e+00  7.0949127819e+14  1.3957709123e+14
  2.8152914440e+00  7.0847965095e+14  1.3844789212e+14
  2.8210058380e+00  7.0748233732e+14  1.3733083000e+14
  2.8267202320e+00  7.0649915844e+14  1.3622580041e+14
  2.8324346260e+00  7.0552994052e+14  1.3513269741e+14
  2.8381490200e+00  7.0457451453e+14  1.3405141380e+14
  2.8438634140e+00  7.0363271600e+14  1.3298184119e+14
  2.8495778080e+00  7.0270438482e+14  1.3192387023e+14
  2.8552922020e+00  7.0178936505e+14  1.3087739069e+14
  2.8610065960e+00  7.0088750469e+14  1.2984229159e+14
  2.8667209900e+00  6.9999865553e+14  1.2881846136e+14
  2.8724353840e+00  6.9912267297e+14  1.2780578792e+14
  2.8781497780e+00  6.9825941587e+14  1.2680415880e+14
  2.8838641720e+00  6.9740874639e+14  1.2581346123e+14
  2.8895785660e+00  6.9657052985e+14  1.2483358226e+14
  2.8952929600e+00  6.9574463455e+14  1.2386440884e+14
  2.9010073540e+00  6.9493093169e+14  1.2290582789e+14
  2.9067217480e+00  6.9412929518e+14  1.2195772640e+14
  2.9124361420e+00  6.9333960157e+14  1.2101999149e+14
  2.9181505360e+00  6.9256172989e+14  1.2009251050e+14
  2.9238649300e+00  6.9179556157e+14  1.1917517104e+14
  2.9295793240e+00  6.9104098033e+14  1.1826786104e+14
  2.9352937180e+00  6.9029787209e+14  1.1737046886e+14
  2.9410081120e+00  6.8956612487e+14  1.1648288329e+14
  2.9467225060e+00  6.8884562874e+14  1.1560499362e+14
  2.9524369000e+00  6.8813627572e+14  1.1473668971e+14
  2.9581512940e+00  6.8743795972e+14  1.1387786200e+14
  2.9638656880e+00  6.8675057647e+14  1.1302840160e+14
  2.9695800820e+00  6.8607402346e+14  1.1218820027e+14
  2.9752944760e+00  6.8540819986e+14  1.1135715048e+14
  2.9810088700e+00  6.8475300648e+14  1.1053514547e+14
  2.9867232640e+00  6.8410834568e+14  1.0972207922e+14
  2.9924376580e+00  6.8347412133e+14  1.0891784654e+14
  2.9981520520e+00  6.8285023875e+14  1.0812234306e+14
  3.0038664460e+00  6.8223660465e+14  1.0733546523e+14
  3.0095808400e+00  6.8163312711e+14  1.0655711041e+14
  3.0152952340e+00  6.8103971549e+14  1.0578717683e+14
  3.0210096280e+00  6.8045628043e+14  1.0502556362e+14
  3.0267240220e+00  6.7988273379e+14  1.0427217085e+14
  3.0324384160e+00  6.7931898864e+14  1.0352689951e+14
  3.0381528100e+00  6.7876495923e+14  1.0278965156e+14
  3.0438672040e+00  6.7822056094e+14  1.0206032992e+14
  3.0495815980e+00  6.7768571027e+14  1.0133883847e+14
  3.0552959920e+00  6.7716032482e+14  1.0062508208e+14
  3.0610103860e+00  6.7664432324e+14  9.9918966607e+13
  3.0667247800e+00  6.7613762523e+14  9.9220398897e+13
  3.0724391740e+00  6.7564015148e+14  9.8529286794e+13
  3.0781535680e+00  6.7515182366e+14  9.7845539142e+13
  3.0838679620e+00  6.7467256440e+14  9.7169065784e+13
  3.0895823560e+00  6.7420229724e+14  9.6499777566e+13
  3.0952967500e+00  6.7374094663e+14  9.5837586335e+13
  3.1010111440e+00  6.7328843789e+14  9.5182404943e+13
  3.1067255380e+00  6.7284469722e+14  9.4534147245e+13
  3.1124399320e+00  6.7240965166e+14  9.3892728096e+13
  3.1181543260e+00  6.7198322910e+14  9.3258063352e+13
  3.1238687200e+00  6.7156535825e+14  9.2630069871e+13
  3.1295831140e+00  6.7115596866e+14  9.2008665504e+13
  3.1352975080e+00  6.7075499068e+14  9.1393769094e+13
  3.1410119020e+00  6.7036235544e+14  9.0785300473e+13
  3.1467262960e+00  6.6997799491e+14  9.0183180456e+13
  3.1524406900e+00  6.6960184179e+14  8.9587330833e+13
  3.1581550840e+00  6.6923382954e+14  8.8997674366e+13
  3.1638694780e+00  6.6887389240e+14  8.8414134777e+13
  3.1695838720e+00  6.6852196529e+14  8.7836636747e+13
  3.1752982660e+00  6.6817798388e+14  8.7265105904e+13
  3.1810126600e+00  6.6784188452e+14  8.6699468816e+13
  3.1867270540e+00  6.6751360424e+14  8.6139652988e+13
  3.1924414480e+00  6.6719308078e+14  8.5585586851e+13
  3.1981558420e+00  6.6688025254e+14  8.5037199754e+13
  3.2038702360e+00  6.6657505858e+14  8.4494421961e+13
  3.2095846300e+00  6.6627743866e+14  8.3957184642e+13
  3.2152990240e+00  6.6598733319e+14  8.3425419862e+13
  3.2210134180e+00  6.6570468325e+14  8.2899060576e+13
  3.2267278120e+00  6.6542943057e+14  8.2378040623e+13
  3.2324422060e+00  6.6516151754e+14  8.1862294708e+13
  3.2381566000e+00  6.6490088722e+14  8.1351758402e+13
  3.2438709940e+00  6.6464748327e+14  8.0846368128e+13
  3.2495853880e+00  6.6440125000e+14  8.0346061149e+13
  3.2552997820e+00  6.6416213232e+14  7.9850775562e+13
  3.2610141760e+00  6.6393007574e+14  7.9360450286e+13
  3.2667285700e+00  6.6370502637e+14  7.8875025055e+13
  3.2724429640e+00  6.6348693092e+14  7.8394440405e+13
  3.2781573580e+00  6.6327573666e+14  7.7918637669e+13
  3.2838717520e+00  6.6307139144e+14  7.7447558964e+13
  3.2895861460e+00  6.6287384371e+14  7.6981147189e+13
  3.2953005400e+00  6.6268304249e+14  7.6519346010e+13
  3.3010149340e+00  6.6249893736e+14  7.6062099855e+13
  3.3067293280e+00  6.6232147850e+14  7.5609353903e+13
  3.3124437220e+00  6.6215061666e+14  7.5161054079e+13
  3.3181581160e+00  6.6198630317e+14  7.4717147038e+13
  3.3238725100e+00  6.6182848991e+14  7.4277580162e+13
  3.3295869040e+00  6.6167712935e+14  7.3842301544e+13
  3.3353012980e+00  6.6153217447e+14  7.3411259982e+13
  3.3410156920e+00  6.6139357882e+14  7.2984404968e+13
  3.3467300860e+00  6.6126129647e+14  7.2561686680e+13
  3.3524444800e+00  6.6113528202e+14  7.2143055969e+13
  3.3581588740e+00  6.6101549058e+14  7.1728464353e+13
  3.3638732680e+00  6.6090187777e+14  7.1317864009e+13
  3.3695876620e+00  6.6079439972e+14  7.0911207761e+13
  3.3753020560e+00  6.6069301309e+14  7.0508449078e+13
  3.3810164500e+00  6.6059767502e+14  7.0109542063e+13
  3.3867308440e+00  6.6050834320e+14  6.9714441443e+13
  3.3924452380e+00  6.6042497581e+14  6.9323102566e+13
  3.3981596320e+00  6.6034753154e+14  6.8935481388e+13
  3.4038740260e+00  6.6027596961e+14  6.8551534467e+13
  3.4095884200e+00  6.6021024974e+14  6.8171218956e+13
  3.4153028140e+00  6.6015033214e+14  6.7794492590e+13
  3.4210172080e+00  6.6009617753e+14  6.7421313678e+13
  3.4267316020e+00  6.6004774708e+14  6.7051641098e+13
  3.4324459960e+00  6.6000500245e+14  6.6685434284e+13
  3.4381603900e+00  6.5996790579e+14  6.6322653220e+13
  3.4438747840e+00  6.5993641967e+14  6.5963258432e+13
  3.4495891780e+00  6.5991050712e+14  6.5607210980e+13
  3.4553035720e+00  6.5989013166e+14  6.5254472452e+13
  3.4610179660e+00  6.5987525721e+14  6.4905004957e+13
  3.4667323600e+00  6.5986584819e+14  6.4558771119e+13
  3.4724467540e+00  6.5986186946e+14  6.4215734068e+13
  3.4781611480e+00  6.5986328632e+14  6.3875857437e+13
  3.4838755420e+00  6.5987006457e+14  6.3539105354e+13
  3.4895899360e+00  6.5988217042e+14  6.3205442432e+13
  3.4953043300e+00  6.5989957057e+14  6.2874833767e+13
  3.5010187240e+00  6.5992223215e+14  6.2547244924e+13
  3.5067331180e+00  6.5995012273e+14  6.2222641937e+13
  3.5124475120e+00  6.5998321030e+14  6.1900991293e+13
  3.5181619060e+00  6.6002146330e+14  6.1582259932e+13
  3.5238763000e+00  6.6006485054e+14  6.1266415235e+13
  3.5295906940e+00  6.6011334128e+14  6.0953425022e+13
  3.5353050880e+00  6.6016690515e+14  6.0643257543e+13
  3.5410194820e+00  6.6022551221e+14  6.0335881471e+13
  3.5467338760e+00  6.6028913290e+14  6.0031265901e+13
  3.5524482700e+00  6.6035773807e+14  5.9729380341e+13
  3.5581626640e+00  6.6043129897e+14  5.9430194710e+13
  3.5638770580e+00  6.6050978728e+14  5.9133679329e+13
  3.5695914520e+00  6.6059317505e+14  5.8839804920e+13
  3.5753058460e+00  6.6068143478e+14  5.8548542595e+13
  3.5810202400e+00  6.6077453934e+14  5.8259863855e+13
  3.5867346340e+00  6.6087246201e+14  5.7973740581e+13
  3.5924490280e+00  6.6097517647e+14  5.7690145029e+13
  3.5981634220e+00  6.6108265677e+14  5.7409049820e+13
  3.6038778160e+00  6.6119487733e+14  5.7130427941e+13
  3.6095922100e+00  6.6131181296e+14  5.6854252733e+13
  3.6153066040e+00  6.6143343881e+14  5.6580497889e+13
  3.6210209980e+00  6.6155973039e+14  5.6309137445e+13
  3.6267353920e+00  6.6169066357e+14  5.6040145782e+13
  3.6324497860e+00  6.6182621456e+14  5.5773497617e+13
  3.6381641800e+00  6.6196635995e+14  5.5509167999e+13
  3.6438785740e+00  6.6211107666e+14  5.5247132310e+13
  3.6495929680e+00  6.6226034200e+14  5.4987366252e+13
  3.6553073620e+00  6.6241413362e+14  5.4729845854e+13
  3.6610217560e+00  6.6257242955e+14  5.4474547457e+13
  3.6667361500e+00  6.6273520816e+14  5.4221447715e+13
  3.6724505440e+00  6.6290244820e+14  5.3970523591e+13
  3.6781649380e+00  6.6307412875e+14  5.3721752346e+13
  3.6838793320e+00  6.6325022924e+14  5.3475111539e+13
  3.6895937260e+00  6.6343072942e+14  5.3230579020e+13
  3.6953081200e+00  6.6361560939e+14  5.2988132926e+13
  3.7010225140e+00  6.6380484954e+14  5.2747751675e+13
  3.7067369080e+00  6.6399843059e+14  5.2509413963e+13
  3.7124513020e+00  6.6419633356e+14  5.2273098761e+13
  3.7181656960e+00  6.6439853981e+14  5.2038785312e+13
  3.7238800900e+00  6.6460503099e+14  5.1806453127e+13
  3.7295944840e+00  6.6481578906e+14  5.1576081981e+13
  3.7353088780e+00  6.6503079633e+14  5.1347651913e+13
  3.7410232720e+00  6.6525003541e+14  5.1121143221e+13
  3.7467376660e+00  6.6547348925e+14  5.0896536459e+13
  3.7524520600e+00  6.6570114109e+14  5.0673812433e+13
  3.7581664540e+00  6.6593297453e+14  5.0452952196e+13
  3.7638808480e+00  6.6616897345e+14  5.0233937045e+13
  3.7695952420e+00  6.6640912205e+14  5.0016748516e+13
  3.7753096360e+00  6.6665340483e+14  4.9801368380e+13
  3.7810240300e+00  6.6690180656e+14  4.9587778638e+13
  3.7867384240e+00  6.6715431231e+14  4.9375961521e+13
  3.7924528180e+00  6.6741090742e+14  4.9165899482e+13
  3.7981672120e+00  6.6767157750e+14  4.8957575194e+13
  3.8038816060e+00  6.6793630846e+14  4.8750971553e+13
