#  Energy (ev)    Absorption NP      Absorption MG
  9.5239900000e-01  3.5024158290e+14  3.6156242301e+13
  9.5811339400e-01  3.5139267475e+14  3.6460667497e+13
  9.6382778800e-01  3.5252776962e+14  3.6767450249e+13
  9.6954218200e-01  3.5364716297e+14  3.7076649966e+13
  9.7525657600e-01  3.5475115781e+14  3.7388337247e+13
  9.8097097000e-01  3.5584005283e+14  3.7702594881e+13
  9.8668536400e-01  3.5691413202e+14  3.8019517108e+13
  9.9239975800e-01  3.5797365772e+14  3.8339207252e+13
  9.9811415200e-01  3.5901886837e+14  3.8661774133e+13
  1.0038285460e+00  3.6004998157e+14  3.8987327852e+13
  1.0095429400e+00  3.6106720208e+14  3.9315975688e+13
  1.0152573340e+00  3.6207073369e+14  3.9647818807e+13
  1.0209717280e+00  3.6306079286e+14  3.9982950375e+13
  1.0266861220e+00  3.6403762223e+14  4.0321455432e+13
  1.0324005160e+00  3.6500150147e+14  4.0663412580e+13
  1.0381149100e+00  3.6595275386e+14  4.1008897251e+13
  1.0438293040e+00  3.6689174735e+14  4.1357986033e+13
  1.0495436980e+00  3.6781889000e+14  4.1710761358e+13
  1.0552580920e+00  3.6873462045e+14  4.2067315782e+13
  1.0609724860e+00  3.6963939519e+14  4.2427755149e+13
  1.0666868800e+00  3.7053367474e+14  4.2792200125e+13
  1.0724012740e+00  3.7141791138e+14  4.3160785824e+13
  1.0781156680e+00  3.7229254050e+14  4.3533659624e+13
  1.0838300620e+00  3.7315797754e+14  4.3910977526e+13
  1.0895444560e+00  3.7401462108e+14  4.4292899700e+13
  1.0952588500e+00  3.7486286203e+14  4.4679585994e+13
  1.1009732440e+00  3.7570309765e+14  4.5071192200e+13
  1.1066876380e+00  3.7653574814e+14  4.5467867767e+13
  1.1124020320e+00  3.7736127340e+14  4.5869755392e+13
  1.1181164260e+00  3.7818018724e+14  4.6276992647e+13
  1.1238308200e+00  3.7899306665e+14  4.6689715418e+13
  1.1295452140e+00  3.7980055486e+14  4.7108062660e+13
  1.1352596080e+00  3.8060335756e+14  4.7532181720e+13
  1.1409740020e+00  3.8140223324e+14  4.7962233399e+13
  1.1466883960e+00  3.8219797924e+14  4.8398395933e+13
  1.1524027900e+00  3.8299141625e+14  4.8840867284e+13
  1.1581171840e+00  3.8378337407e+14  4.9289865376e+13
  1.1638315780e+00  3.8457468153e+14  4.9745626287e+13
  1.1695459720e+00  3.8536616256e+14  5.0208400751e+13
  1.1752603660e+00  3.8615863983e+14  5.0678449599e+13
  1.1809747600e+00  3.8695294557e+14  5.1156039005e+13
  1.1866891540e+00  3.8774993860e+14  5.1641436400e+13
  1.1924035480e+00  3.8855052494e+14  5.2134907872e+13
  1.1981179420e+00  3.8935567916e+14  5.2636717588e+13
  1.2038323360e+00  3.9016646321e+14  5.3147129495e+13
  1.2095467300e+00  3.9098403998e+14  5.3666411130e+13
  1.2152611240e+00  3.9180967964e+14  5.4194839063e+13
  1.2209755180e+00  3.9264475807e+14  5.4732705186e+13
  1.2266899120e+00  3.9349074801e+14  5.5280322938e+13
  1.2324043060e+00  3.9434920494e+14  5.5838032544e+13
  1.2381187000e+00  3.9522175064e+14  5.6406204525e+13
  1.2438330940e+00  3.9611005775e+14  5.6985241018e+13
  1.2495474880e+00  3.9701583892e+14  5.7575574809e+13
  1.2552618820e+00  3.9794084315e+14  5.8177666413e+13
  1.2609762760e+00  3.9888686090e+14  5.8791999828e+13
  1.2666906700e+00  3.9985573826e+14  5.9419077897e+13
  1.2724050640e+00  4.0084939876e+14  6.0059418257e+13
  1.2781194580e+00  4.0186987029e+14  6.0713550805e+13
  1.2838338520e+00  4.0291931357e+14  6.1382017387e+13
  1.2895482460e+00  4.0400004852e+14  6.2065374058e+13
  1.2952626400e+00  4.0511457490e+14  6.2764195848e+13
  1.3009770340e+00  4.0626558491e+14  6.3479083568e+13
  1.3066914280e+00  4.0745596659e+14  6.4210671860e+13
  1.3124058220e+00  4.0868879859e+14  6.4959637469e+13
  1.3181202160e+00  4.0996733834e+14  6.5726706724e+13
  1.3238346100e+00  4.1129500710e+14  6.6512661310e+13
  1.3295490040e+00  4.1267537589e+14  6.7318341747e+13
  1.3352633980e+00  4.1411215641e+14  6.8144648377e+13
  1.3409777920e+00  4.1560920048e+14  6.8992540113e+13
  1.3466921860e+00  4.1717051005e+14  6.9863031615e+13
  1.3524065800e+00  4.1880025848e+14  7.0757189874e+13
  1.3581209740e+00  4.2050282160e+14  7.1676131319e+13
  1.3638353680e+00  4.2228281597e+14  7.2621020546e+13
  1.3695497620e+00  4.2414513998e+14  7.3593071549e+13
  1.3752641560e+00  4.2609501364e+14  7.4593551944e+13
  1.3809785500e+00  4.2813801251e+14  7.5623790269e+13
  1.3866929440e+00  4.3028009294e+14  7.6685185912e+13
  1.3924073380e+00  4.3252760668e+14  7.7779220863e+13
  1.3981217320e+00  4.3488730546e+14  7.8907472203e+13
  1.4038361260e+00  4.3736633773e+14  8.0071624129e+13
  1.4095505200e+00  4.3997224129e+14  8.1273478468e+13
  1.4152649140e+00  4.4271293689e+14  8.2514962908e+13
  1.4209793080e+00  4.4559672750e+14  8.3798136613e+13
  1.4266937020e+00  4.4863230789e+14  8.5125193402e+13
  1.4324080960e+00  4.5182878729e+14  8.6498463162e+13
  1.4381224900e+00  4.5519572613e+14  8.7920412552e+13
  1.4438368840e+00  4.5874318575e+14  8.9393646277e+13
  1.4495512780e+00  4.6248178791e+14  9.0920910238e+13
  1.4552656720e+00  4.6642277934e+14  9.2505097652e+13
  1.4609800660e+00  4.7057809604e+14  9.4149258872e+13
  1.4666944600e+00  4.7496042206e+14  9.5856615110e+13
  1.4724088540e+00  4.7958323858e+14  9.7630575734e+13
  1.4781232480e+00  4.8446086111e+14  9.9474758321e+13
  1.4838376420e+00  4.8960846470e+14  1.0139301025e+14
  1.4895520360e+00  4.9504209952e+14  1.0338943051e+14
  1.4952664300e+00  5.0077870110e+14  1.0546839041e+14
  1.5009808240e+00  5.0683610092e+14  1.0763455221e+14
  1.5066952180e+00  5.1323304332e+14  1.0989288521e+14
  1.5124096120e+00  5.1998921405e+14  1.1224867917e+14
  1.5181240060e+00  5.2712528419e+14  1.1470755593e+14
  1.5238384000e+00  5.3466297082e+14  1.1727548016e+14
  1.5295527940e+00  5.4262511323e+14  1.1995877081e+14
  1.5352671880e+00  5.5103576072e+14  1.2276411464e+14
  1.5409815820e+00  5.5992026627e+14  1.2569858333e+14
  1.5466959760e+00  5.6930537903e+14  1.2876965494e+14
  1.5524103700e+00  5.7921932868e+14  1.3198524023e+14
  1.5581247640e+00  5.8969189568e+14  1.3535371343e+14
  1.5638391580e+00  6.0075446353e+14  1.3888394651e+14
  1.5695535520e+00  6.1244005168e+14  1.4258534559e+14
  1.5752679460e+00  6.2478333074e+14  1.4646788760e+14
  1.5809823400e+00  6.3782062355e+14  1.5054215559e+14
  1.5866967340e+00  6.5158989796e+14  1.5481937097e+14
  1.5924111280e+00  6.6613075697e+14  1.5931142161e+14
  1.5981255220e+00  6.8148443148e+14  1.6403088549e+14
  1.6038399160e+00  6.9769377863e+14  1.6899104980e+14
  1.6095543100e+00  7.1480328581e+14  1.7420592641e+14
  1.6152687040e+00  7.3285907667e+14  1.7969026468e+14
  1.6209830980e+00  7.5190891234e+14  1.8545956288e+14
  1.6266974920e+00  7.7200217757e+14  1.9153007912e+14
  1.6324118860e+00  7.9318983995e+14  1.9791884225e+14
  1.6381262800e+00  8.1552436971e+14  2.0464366239e+14
  1.6438406740e+00  8.3905960804e+14  2.1172313976e+14
  1.6495550680e+00  8.6385057426e+14  2.1917666962e+14
  1.6552694620e+00  8.8995320449e+14  2.2702444027e+14
  1.6609838560e+00  9.1742401811e+14  2.3528742020e+14
  1.6666982500e+00  9.4631971048e+14  2.4398733058e+14
  1.6724126440e+00  9.7669667274e+14  2.5314659882e+14
  1.6781270380e+00  1.0086104399e+15  2.6278828952e+14
  1.6838414320e+00  1.0421150680e+15  2.7293600964e+14
  1.6895558260e+00  1.0772624377e+15  2.8361378523e+14
  1.6952702200e+00  1.1141014805e+15  2.9484590784e+14
  1.7009846140e+00  1.1526773183e+15  3.0665674920e+14
  1.7066990080e+00  1.1930303037e+15  3.1907054310e+14
  1.7124134020e+00  1.2351949479e+15  3.3211113318e+14
  1.7181277960e+00  1.2791987209e+15  3.4580168510e+14
  1.7238421900e+00  1.3250607104e+15  3.6016436138e+14
  1.7295565840e+00  1.3727901320e+15  3.7521995594e+14
  1.7352709780e+00  1.4223846878e+15  3.9098748569e+14
  1.7409853720e+00  1.4738287817e+15  4.0748373591e+14
  1.7466997660e+00  1.5270916073e+15  4.2472275678e+14
  1.7524141600e+00  1.5821251398e+15  4.4271530975e+14
  1.7581285540e+00  1.6388620697e+15  4.6146826419e+14
  1.7638429480e+00  1.6972137307e+15  4.8098394764e+14
  1.7695573420e+00  1.7570680824e+15  5.0125945682e+14
  1.7752717360e+00  1.8182878158e+15  5.2228594038e+14
  1.7809861300e+00  1.8807086577e+15  5.4404786912e+14
  1.7867005240e+00  1.9441379537e+15  5.6652231410e+14
  1.7924149180e+00  2.0083536153e+15  5.8967825695e+14
  1.7981293120e+00  2.0731035158e+15  6.1347596070e+14
  1.8038437060e+00  2.1381054234e+15  6.3786643196e+14
  1.8095581000e+00  2.2030475562e+15  6.6279100650e+14
  1.8152724940e+00  2.2675898401e+15  6.8818109055e+14
  1.8209868880e+00  2.3313659412e+15  7.1395808797e+14
  1.8267012820e+00  2.3939861321e+15  7.4003354062e+14
  1.8324156760e+00  2.4550410302e+15  7.6630950370e+14
  1.8381300700e+00  2.5141062198e+15  7.9267917155e+14
  1.8438444640e+00  2.5707477368e+15  8.1902776116e+14
  1.8495588580e+00  2.6245283545e+15  8.4523365178e+14
  1.8552732520e+00  2.6750145659e+15  8.7116976844e+14
  1.8609876460e+00  2.7217841089e+15  8.9670518730e+14
  1.8667020400e+00  2.7644338416e+15  9.2170692959e+14
  1.8724164340e+00  2.8025877312e+15  9.4604190143e+14
  1.8781308280e+00  2.8359046933e+15  9.6957892750e+14
  1.8838452220e+00  2.8640860028e+15  9.9219081947e+14
  1.8895596160e+00  2.8868819973e+15  1.0137564152e+15
  1.8952740100e+00  2.9040978133e+15  1.0341625230e+15
  1.9009884040e+00  2.9155979304e+15  1.0533057058e+15
  1.9067027980e+00  2.9213093523e+15  1.0710938457e+15
  1.9124171920e+00  2.9212233147e+15  1.0874474390e+15
  1.9181315860e+00  2.9153954838e+15  1.1023005799e+15
  1.9238459800e+00  2.9039446773e+15  1.1156016119e+15
  1.9295603740e+00  2.8870502083e+15  1.1273134358e+15
  1.9352747680e+00  2.8649480039e+15  1.1374134875e+15
  1.9409891620e+00  2.8379256893e+15  1.1458934094e+15
  1.9467035560e+00  2.8063168469e+15  1.1527584589e+15
  1.9524179500e+00  2.7704946587e+15  1.1580267065e+15
  1.9581323440e+00  2.7308651223e+15  1.1617280840e+15
  1.9638467380e+00  2.6878599989e+15  1.1639033440e+15
  1.9695611320e+00  2.6419296148e+15  1.1646029887e+15
  1.9752755260e+00  2.5935355967e+15  1.1638862161e+15
  1.9809899200e+00  2.5431435927e+15  1.1618199158e+15
  1.9867043140e+00  2.4912160108e+15  1.1584777310e+15
  1.9924187080e+00  2.4382048063e+15  1.1539391820e+15
  1.9981331020e+00  2.3845443678e+15  1.1482888268e+15
  2.0038474960e+00  2.3306445893e+15  1.1416154211e+15
  2.0095618900e+00  2.2768842624e+15  1.1340110250e+15
  2.0152762840e+00  2.2236049807e+15  1.1255700004e+15
  2.0209906780e+00  2.1711058009e+15  1.1163878465e+15
  2.0267050720e+00  2.1196389433e+15  1.1065598296e+15
  2.0324194660e+00  2.0694068345e+15  1.0961793848e+15
  2.0381338600e+00  2.0205607825e+15  1.0853362889e+15
  2.0438482540e+00  1.9732015291e+15  1.0741146364e+15
  2.0495626480e+00  1.9273818437e+15  1.0625906780e+15
  2.0552770420e+00  1.8831112091e+15  1.0508306137e+15
  2.0609914360e+00  1.8403625179e+15  1.0388884554e+15
  2.0667058300e+00  1.7990805441e+15  1.0268040908e+15
  2.0724202240e+00  1.7591918098e+15  1.0146016917e+15
  2.0781346180e+00  1.7206153339e+15  1.0022886011e+15
  2.0838490120e+00  1.6832736484e+15  9.8985482334e+14
  2.0895634060e+00  1.6471034036e+15  9.7727320997e+14
  2.0952778000e+00  1.6120648797e+15  9.6450040162e+14
  2.1009921940e+00  1.5781497612e+15  9.5147853998e+14
  2.1067065880e+00  1.5453866329e+15  9.3813771747e+14
  2.1124209820e+00  1.5138437965e+15  9.2439908402e+14
  2.1181353760e+00  1.4836291904e+15  9.1017848615e+14
  2.1238497700e+00  1.4548873935e+15  8.9539047617e+14
  2.1295641640e+00  1.4277938974e+15  8.7995250191e+14
  2.1352785580e+00  1.4025470233e+15  8.6378907249e+14
  2.1409929520e+00  1.3793580185e+15  8.4683569355e+14
  2.1467073460e+00  1.3584399872e+15  8.2904237741e+14
  2.1524217400e+00  1.3399963738e+15  8.1037655714e+14
  2.1581361340e+00  1.3242097290e+15  7.9082526858e+14
  2.1638505280e+00  1.3112314433e+15  7.7039650636e+14
  2.1695649220e+00  1.3011730407e+15  7.4911970690e+14
  2.1752793160e+00  1.2940994918e+15  7.2704535978e+14
  2.1809937100e+00  1.2900248514e+15  7.0424379449e+14
  2.1867081040e+00  1.2889103545e+15  6.8080323074e+14
  2.1924224980e+00  1.2906649410e+15  6.5682721389e+14
  2.1981368920e+00  1.2951480315e+15  6.3243158104e+14
  2.2038512860e+00  1.3021742507e+15  6.0774111781e+14
  2.2095656800e+00  1.3115197097e+15  5.8288606914e+14
  2.2152800740e+00  1.3229294026e+15  5.5799866239e+14
  2.2209944680e+00  1.3361252594e+15  5.3320978637e+14
  2.2267088620e+00  1.3508144126e+15  5.0864594966e+14
  2.2324232560e+00  1.3666972789e+15  4.8442661595e+14
  2.2381376500e+00  1.3834751220e+15  4.6066198616e+14
  2.2438520440e+00  1.4008568375e+15  4.3745126862e+14
  2.2495664380e+00  1.4185647778e+15  4.1488145104e+14
  2.2552808320e+00  1.4363395148e+15  3.9302656310e+14
  2.2609952260e+00  1.4539435028e+15  3.7194739778e+14
  2.2667096200e+00  1.4711636646e+15  3.5169164267e+14
  2.2724240140e+00  1.4878129645e+15  3.3229436108e+14
  2.2781384080e+00  1.5037310673e+15  3.1377875562e+14
  2.2838528020e+00  1.5187841992e+15  2.9615714476e+14
  2.2895671960e+00  1.5328643380e+15  2.7943208421e+14
  2.2952815900e+00  1.5458878630e+15  2.6359756979e+14
  2.3009959840e+00  1.5577937918e+15  2.4864026605e+14
  2.3067103780e+00  1.5685417236e+15  2.3454071333e+14
  2.3124247720e+00  1.5781095999e+15  2.2127447631e+14
  2.3181391660e+00  1.5864913849e+15  2.0881320666e+14
  2.3238535600e+00  1.5936947510e+15  1.9712560230e+14
  2.3295679540e+00  1.5997388453e+15  1.8617825402e+14
  2.3352823480e+00  1.6046521972e+15  1.7593637771e+14
  2.3409967420e+00  1.6084708101e+15  1.6636443604e+14
  2.3467111360e+00  1.6112364678e+15  1.5742665757e+14
  2.3524255300e+00  1.6129952657e+15  1.4908746389e+14
  2.3581399240e+00  1.6137963680e+15  1.4131181622e+14
  2.3638543180e+00  1.6136909740e+15  1.3406549331e+14
  2.3695687120e+00  1.6127314721e+15  1.2731531109e+14
  2.3752831060e+00  1.6109707498e+15  1.2102929332e+14
  2.3809975000e+00  1.6084616299e+15  1.1517680074e+14
  2.3867118940e+00  1.6052564018e+15  1.0972862435e+14
  2.3924262880e+00  1.6014064222e+15  1.0465704724e+14
  2.3981406820e+00  1.5969617689e+15  9.9935878364e+13
  2.4038550760e+00  1.5919709356e+15  9.5540460751e+13
  2.4095694700e+00  1.5864805643e+15  9.1447656999e+13
  2.4152838640e+00  1.5805352209e+15  8.7635814717e+13
  2.4209982580e+00  1.5741772177e+15  8.4084715164e+13
  2.4267126520e+00  1.5674464926e+15  8.0775508791e+13
  2.4324270460e+00  1.5603805493e+15  7.7690641696e+13
  2.4381414400e+00  1.5530144611e+15  7.4813777182e+13
  2.4438558340e+00  1.5453809343e+15  7.2129716395e+13
  2.4495702280e+00  1.5375104219e+15  6.9624321498e+13
  2.4552846220e+00  1.5294312733e+15  6.7284444053e+13
  2.4609990160e+00  1.5211699024e+15  6.5097860231e+13
  2.4667134100e+00  1.5127509566e+15  6.3053213421e+13
  2.4724278040e+00  1.5041974698e+15  6.1139963736e+13
  2.4781421980e+00  1.4955309864e+15  5.9348343115e+13
  2.4838565920e+00  1.4867716503e+15  5.7669314164e+13
  2.4895709860e+00  1.4779382582e+15  5.6094530707e+13
  2.4952853800e+00  1.4690482828e+15  5.4616298186e+13
  2.5009997740e+00  1.4601178767e+15  5.3227532562e+13
  2.5067141680e+00  1.4511618699e+15  5.1921717042e+13
  2.5124285620e+00  1.4421937766e+15  5.0692856780e+13
  2.5181429560e+00  1.4332258209e+15  4.9535432430e+13
  2.5238573500e+00  1.4242689917e+15  4.8444354002e+13
  2.5295717440e+00  1.4153331276e+15  4.7414916823e+13
  2.5352861380e+00  1.4064270306e+15  4.6442761362e+13
  2.5410005320e+00  1.3975585983e+15  4.5523838429e+13
  2.5467149260e+00  1.3887349645e+15  4.4654380673e+13
  2.5524293200e+00  1.3799626326e+15  4.3830880615e+13
  2.5581437140e+00  1.3712475911e+15  4.3050074674e+13
  2.5638581080e+00  1.3625953989e+15  4.2308932017e+13
  2.5695725020e+00  1.3540112359e+15  4.1604646520e+13
  2.5752868960e+00  1.3454999183e+15  4.0934629967e+13
  2.5810012900e+00  1.3370658839e+15  4.0296504638e+13
  2.5867156840e+00  1.3287131571e+15  3.9688093838e+13
  2.5924300780e+00  1.3204453058e+15  3.9107409446e+13
  2.5981444720e+00  1.3122654037e+15  3.8552636287e+13
  2.6038588660e+00  1.3041760099e+15  3.8022113815e+13
  2.6095732600e+00  1.2961791740e+15  3.7514316200e+13
  2.6152876540e+00  1.2882764704e+15  3.7027832289e+13
  2.6210020480e+00  1.2804690604e+15  3.6561347078e+13
  2.6267164420e+00  1.2727577749e+15  3.6113626143e+13
  2.6324308360e+00  1.2651432082e+15  3.5683504145e+13
  2.6381452300e+00  1.2576258103e+15  3.5269877895e+13
  2.6438596240e+00  1.2502059655e+15  3.4871703855e+13
  2.6495740180e+00  1.2428840471e+15  3.4487999293e+13
  2.6552884120e+00  1.2356604429e+15  3.4117845821e+13
  2.6610028060e+00  1.2285355492e+15  3.3760393758e+13
  2.6667172000e+00  1.2215097380e+15  3.3414865702e+13
  2.6724315940e+00  1.2145833044e+15  3.3080557936e+13
  2.6781459880e+00  1.2077564064e+15  3.2756838727e+13
  2.6838603820e+00  1.2010290084e+15  3.2443143149e+13
  2.6895747760e+00  1.1944008398e+15  3.2138964698e+13
  2.6952891700e+00  1.1878713778e+15  3.1843844545e+13
  2.7010035640e+00  1.1814398573e+15  3.1557359680e+13
  2.7067179580e+00  1.1751053087e+15  3.1279111428e+13
  2.7124323520e+00  1.1688666172e+15  3.1008715754e+13
  2.7181467460e+00  1.1627225962e+15  3.0745796510e+13
  2.7238611400e+00  1.1566720609e+15  3.0489982306e+13
  2.7295755340e+00  1.1507138940e+15  3.0240907119e+13
  2.7352899280e+00  1.1448470907e+15  2.9998214147e+13
  2.7410043220e+00  1.1390707782e+15  2.9761561925e+13
  2.7467187160e+00  1.1333842064e+15  2.9530631388e+13
  2.7524331100e+00  1.1277867134e+15  2.9305132429e+13
  2.7581475040e+00  1.1222776713e+15  2.9084808640e+13
  2.7638618980e+00  1.1168564231e+15  2.8869439242e+13
  2.7695762920e+00  1.1115222214e+15  2.8658837712e+13
  2.7752906860e+00  1.1062741799e+15  2.8452847187e+13
  2.7810050800e+00  1.1011112459e+15  2.8251333243e+13
  2.7867194740e+00  1.0960321994e+15  2.8054175135e+13
  2.7924338680e+00  1.0910356785e+15  2.7861256784e+13
  2.7981482620e+00  1.0861202268e+15  2.7672458881e+13
  2.8038626560e+00  1.0812843562e+15  2.7487653262e+13
  2.8095770500e+00  1.0765266135e+15  2.7306700344e+13
  2.8152914440e+00  1.0718456409e+15  2.7129449904e+13
  2.8210058380e+00  1.0672402190e+15  2.6955744924e+13
  2.8267202320e+00  1.0627092882e+15  2.6785427756e+13
  2.8324346260e+00  1.0582519421e+15  2.6618347462e+13
  2.8381490200e+00  1.0538673964e+15  2.6454367022e+13
  2.8438634140e+00  1.0495549389e+15  2.6293369157e+13
  2.8495778080e+00  1.0453138675e+15  2.6135259721e+13
  2.8552922020e+00  1.0411434295e+15  2.5979968091e+13
  2.8610065960e+00  1.0370427692e+15  2.5827444433e+13
  2.8667209900e+00  1.0330108964e+15  2.5677654286e+13
  2.8724353840e+00  1.0290466775e+15  2.5530571329e+13
  2.8781497780e+00  1.0251488534e+15  2.5386169503e+13
  2.8838641720e+00  1.0213160793e+15  2.5244415748e+13
  2.8895785660e+00  1.0175469806e+15  2.5105264525e+13
  2.8952929600e+00  1.0138402156e+15  2.4968654962e+13
  2.9010073540e+00  1.0101945336e+15  2.4834511050e+13
  2.9067217480e+00  1.0066088200e+15  2.4702744800e+13
  2.9124361420e+00  1.0030821196e+15  2.4573261766e+13
  2.9181505360e+00  9.9961363580e+14  2.4445967997e+13
  2.9238649300e+00  9.9620270433e+14  2.4320777209e+13
  2.9295793240e+00  9.9284874793e+14  2.4197616959e+13
  2.9352937180e+00  9.8955121803e+14  2.4076432810e+13
  2.9410081120e+00  9.8630953429e+14  2.3957189762e+13
  2.9467225060e+00  9.8312303182e+14  2.3839870729e+13
  2.9524369000e+00  9.7999092492e+14  2.3724472327e+13
  2.9581512940e+00  9.7691229338e+14  2.3610998662e+13
  2.9638656880e+00  9.7388609356e+14  2.3499454158e+13
  2.9695800820e+00  9.7091119217e+14  2.3389836608e+13
  2.9752944760e+00  9.6798641714e+14  2.3282131582e+13
  2.9810088700e+00  9.6511061687e+14  2.3176309105e+13
  2.9867232640e+00  9.6228271790e+14  2.3072323121e+13
  2.9924376580e+00  9.5950177135e+14  2.2970113810e+13
  2.9981520520e+00  9.5676698041e+14  2.2869612332e+13
  3.0038664460e+00  9.5407770424e+14  2.2770747202e+13
  3.0095808400e+00  9.5143343783e+14  2.2673451196e+13
  3.0152952340e+00  9.4883377117e+14  2.2577667657e+13
  3.0210096280e+00  9.4627833470e+14  2.2483355124e+13
  3.0267240220e+00  9.4376674018e+14  2.2390489542e+13
  3.0324384160e+00  9.4129852692e+14  2.2299063681e+13
  3.0381528100e+00  9.3887312230e+14  2.2209083882e+13
  3.0438672040e+00  9.3648982317e+14  2.2120564682e+13
  3.0495815980e+00  9.3414780117e+14  2.2033522210e+13
  3.0552959920e+00  9.3184613086e+14  2.1947967467e+13
  3.0610103860e+00  9.2958383600e+14  2.1863900590e+13
  3.0667247800e+00  9.2735994608e+14  2.1781307057e+13
  3.0724391740e+00  9.2517355347e+14  2.1700156433e+13
  3.0781535680e+00  9.2302386179e+14  2.1620403853e+13
  3.0838679620e+00  9.2091021721e+14  2.1541993985e+13
  3.0895823560e+00  9.1883211756e+14  2.1464866777e+13
  3.0952967500e+00  9.1678919768e+14  2.1388964044e+13
  3.1010111440e+00  9.1478119368e+14  2.1314235772e+13
  3.1067255380e+00  9.1280789185e+14  2.1240645100e+13
  3.1124399320e+00  9.1086907114e+14  2.1168171165e+13
  3.1181543260e+00  9.0896444851e+14  2.1096809326e+13
  3.1238687200e+00  9.0709363656e+14  2.1026568766e+13
  3.1295831140e+00  9.0525612028e+14  2.0957467855e+13
  3.1352975080e+00  9.0345125686e+14  2.0889528087e+13
  3.1410119020e+00  9.0167829849e+14  2.0822767575e+13
  3.1467262960e+00  8.9993643422e+14  2.0757195199e+13
  3.1524406900e+00  8.9822484382e+14  2.0692806382e+13
  3.1581550840e+00  8.9654275457e+14  2.0629581169e+13
  3.1638694780e+00  8.9488949142e+14  2.0567484927e+13
  3.1695838720e+00  8.9326451206e+14  2.0506471544e+13
  3.1752982660e+00  8.9166742115e+14  2.0446488555e+13
  3.1810126600e+00  8.9009796120e+14  2.0387483365e+13
  3.1867270540e+00  8.8855598171e+14  2.0329409501e+13
  3.1924414480e+00  8.8704139178e+14  2.0272231872e+13
  3.1981558420e+00  8.8555410414e+14  2.0215930148e+13
  3.2038702360e+00  8.8409397990e+14  2.0160499722e+13
  3.2095846300e+00  8.8266078333e+14  2.0105950088e+13
  3.2152990240e+00  8.8125415424e+14  2.0052300921e+13
  3.2210134180e+00  8.7987360240e+14  1.9999576526e+13
  3.2267278120e+00  8.7851852506e+14  1.9947799573e+13
  3.2324422060e+00  8.7718824444e+14  1.9896985176e+13
  3.2381566000e+00  8.7588205893e+14  1.9847136281e+13
  3.2438709940e+00  8.7459929936e+14  1.9798241145e+13
  3.2495853880e+00  8.7333938086e+14  1.9750273301e+13
  3.2552997820e+00  8.7210184169e+14  1.9703194010e+13
  3.2610141760e+00  8.7088636233e+14  1.9656956782e+13
  3.2667285700e+00  8.6969276192e+14  1.9611513205e+13
  3.2724429640e+00  8.6852097237e+14  1.9566819108e+13
  3.2781573580e+00  8.6737099465e+14  1.9522840029e+13
  3.2838717520e+00  8.6624284455e+14  1.9479555078e+13
  3.2895861460e+00  8.6513649694e+14  1.9436958562e+13
  3.2953005400e+00  8.6405183797e+14  1.9395059106e+13
  3.3010149340e+00  8.6298863305e+14  1.9353876423e+13
  3.3067293280e+00  8.6194651608e+14  1.9313436279e+13
  3.3124437220e+00  8.6092500159e+14  1.9273764497e+13
  3.3181581160e+00  8.5992351789e+14  1.9234880997e+13
  3.3238725100e+00  8.5894145542e+14  1.9196794868e+13
  3.3295869040e+00  8.5797822236e+14  1.9159501288e+13
  3.3353012980e+00  8.5703329810e+14  1.9122980791e+13
  3.3410156920e+00  8.5610627549e+14  1.9087201008e+13
  3.3467300860e+00  8.5519688499e+14  1.9052120578e+13
  3.3524444800e+00  8.5430499646e+14  1.9017694563e+13
  3.3581588740e+00  8.5343059837e+14  1.8983880482e+13
  3.3638732680e+00  8.5257375789e+14  1.8950643937e+13
  3.3695876620e+00  8.5173456858e+14  1.8917962904e+13
  3.3753020560e+00  8.5091309438e+14  1.8885829975e+13
  3.3810164500e+00  8.5010931923e+14  1.8854252190e+13
  3.3867308440e+00  8.4932311095e+14  1.8823248481e+13
  3.3924452380e+00  8.4855420516e+14  1.8792845163e+13
  3.3981596320e+00  8.4780221216e+14  1.8763070233e+13
  3.4038740260e+00  8.4706664538e+14  1.8733947425e+13
  3.4095884200e+00  8.4634696688e+14  1.8705491005e+13
  3.4153028140e+00  8.4564264202e+14  1.8677702178e+13
  3.4210172080e+00  8.4495319429e+14  1.8650567703e+13
  3.4267316020e+00  8.4427825099e+14  1.8624060938e+13
  3.4324459960e+00  8.4361757218e+14  1.8598145127e+13
  3.4381603900e+00  8.4297105799e+14  1.8572778400e+13
  3.4438747840e+00  8.4233873294e+14  1.8547919624e+13
  3.4495891780e+00  8.4172071013e+14  1.8523534141e+13
  3.4553035720e+00  8.4111714094e+14  1.8499598442e+13
  3.4610179660e+00  8.4052815901e+14  1.8476102990e+13
  3.4667323600e+00  8.3995382760e+14  1.8453052722e+13
  3.4724467540e+00  8.3939409925e+14  1.8430465170e+13
  3.4781611480e+00  8.3884879457e+14  1.8408366493e+13
  3.4838755420e+00  8.3831760360e+14  1.8386786101e+13
  3.4895899360e+00  8.3780010960e+14  1.8365750758e+13
  3.4953043300e+00  8.3729583125e+14  1.8345279157e+13
  3.5010187240e+00  8.3680427623e+14  1.8325377860e+13
  3.5067331180e+00  8.3632499718e+14  1.8306039286e+13
  3.5124475120e+00  8.3585764062e+14  1.8287242070e+13
  3.5181619060e+00  8.3540198069e+14  1.8268953736e+13
  3.5238763000e+00  8.3495793191e+14  1.8251135241e+13
  3.5295906940e+00  8.3452553895e+14  1.8233746611e+13
  3.5353050880e+00  8.3410494491e+14  1.8216752751e+13
  3.5410194820e+00  8.3369634355e+14  1.8200128447e+13
  3.5467338760e+00  8.3329992335e+14  1.8183861730e+13
  3.5524482700e+00  8.3291581277e+14  1.8167955043e+13
  3.5581626640e+00  8.3254403598e+14  1.8152424022e+13
  3.5638770580e+00  8.3218448637e+14  1.8137294084e+13
  3.5695914520e+00  8.3183692231e+14  1.8122595415e+13
  3.5753058460e+00  8.3150098604e+14  1.8108357168e+13
  3.5810202400e+00  8.3117624232e+14  1.8094601853e+13
  3.5867346340e+00  8.3086223060e+14  1.8081340861e+13
  3.5924490280e+00  8.3055852185e+14  1.8068571843e+13
  3.5981634220e+00  8.3026477055e+14  1.8056278407e+13
  3.6038778160e+00  8.2998075312e+14  1.8044432159e+13
  3.6095922100e+00  8.2970638631e+14  1.8032996761e+13
  3.6153066040e+00  8.2944172246e+14  1.8021933326e+13
  3.6210209980e+00  8.2918692228e+14  1.8011206243e+13
  3.6267353920e+00  8.2894220976e+14  1.8000788463e+13
  3.6324497860e+00  8.2870781673e+14  1.7990665378e+13
  3.6381641800e+00  8.2848392626e+14  1.7980836623e+13
  3.6438785740e+00  8.2827062448e+14  1.7971315521e+13
  3.6495929680e+00  8.2806786883e+14  1.7962126254e+13
  3.6553073620e+00  8.2787547815e+14  1.7953299237e+13
  3.6610217560e+00  8.2769314628e+14  1.7944865459e+13
  3.6667361500e+00  8.2752047697e+14  1.7936850742e+13
  3.6724505440e+00  8.2735703421e+14  1.7929270875e+13
  3.6781649380e+00  8.2720239966e+14  1.7922128424e+13
  3.6838793320e+00  8.2705622753e+14  1.7915411764e+13
  3.6895937260e+00  8.2691828763e+14  1.7909096481e+13
  3.6953081200e+00  8.2678848948e+14  1.7903148925e+13
  3.7010225140e+00  8.2666688322e+14  1.7897531306e+13
  3.7067369080e+00  8.2655363724e+14  1.7892207495e+13
  3.7124513020e+00  8.2644899615e+14  1.7887148560e+13
  3.7181656960e+00  8.2635322614e+14  1.7882337106e+13
  3.7238800900e+00  8.2626655676e+14  1.7877769713e+13
  3.7295944840e+00  8.2618912900e+14  1.7873457038e+13
  3.7353088780e+00  8.2612095828e+14  1.7869421593e+13
  3.7410232720e+00  8.2606191865e+14  1.7865693538e+13
  3.7467376660e+00  8.2601175091e+14  1.7862305216e+13
  3.7524520600e+00  8.2597009328e+14  1.7859285324e+13
  3.7581664540e+00  8.2593652960e+14  1.7856653694e+13
  3.7638808480e+00  8.2591064705e+14  1.7854417565e+13
  3.7695952420e+00  8.2589209362e+14  1.7852569953e+13
  3.7753096360e+00  8.2588062576e+14  1.7851090407e+13
  3.7810240300e+00  8.2587613826e+14  1.7849948015e+13
  3.7867384240e+00  8.2587867109e+14  1.7849106170e+13
  3.7924528180e+00  8.2588839220e+14  1.7848528293e+13
  3.7981672120e+00  8.2590555895e+14  1.7848183573e+13
  3.8038816060e+00  8.2593046465e+14  1.7848051744e+13
