#  Energy (ev)    Absorption NP      Absorption MG
  9.5239900000e-01  2.0641530774e+14  3.0419578066e+13
  9.5811339400e-01  2.0846925755e+14  3.0737073490e+13
  9.6382778800e-01  2.1055156958e+14  3.1058626425e+13
  9.6954218200e-01  2.1266316491e+14  3.1384322444e+13
  9.7525657600e-01  2.1480498656e+14  3.1714288511e+13
  9.8097097000e-01  2.1697798823e+14  3.2048694499e+13
  9.8668536400e-01  2.1918312444e+14  3.2387748071e+13
  9.9239975800e-01  2.2142134390e+14  3.2731683741e+13
  9.9811415200e-01  2.2369358739e+14  3.3080747950e+13
  1.0038285460e+00  2.2600079068e+14  3.3435182677e+13
  1.0095429400e+00  2.2834389232e+14  3.3795210406e+13
  1.0152573340e+00  2.3072384501e+14  3.4161023029e+13
  1.0209717280e+00  2.3314162894e+14  3.4532776684e+13
  1.0266861220e+00  2.3559826481e+14  3.4910593484e+13
  1.0324005160e+00  2.3809482451e+14  3.5294569954e+13
  1.0381149100e+00  2.4063243766e+14  3.5684790857e+13
  1.0438293040e+00  2.4321229283e+14  3.6081346128e+13
  1.0495436980e+00  2.4583563335e+14  3.6484348125e+13
  1.0552580920e+00  2.4850374829e+14  3.6893946266e+13
  1.0609724860e+00  2.5121796031e+14  3.7310336587e+13
  1.0666868800e+00  2.5397961239e+14  3.7733764567e+13
  1.0724012740e+00  2.5679005596e+14  3.8164520696e+13
  1.0781156680e+00  2.5965064249e+14  3.8602929508e+13
  1.0838300620e+00  2.6256272028e+14  3.9049333909e+13
  1.0895444560e+00  2.6552763723e+14  3.9504077479e+13
  1.0952588500e+00  2.6854674945e+14  3.9967487764e+13
  1.1009732440e+00  2.7162143436e+14  4.0439863497e+13
  1.1066876380e+00  2.7475310645e+14  4.0921467999e+13
  1.1124020320e+00  2.7794323314e+14  4.1412530033e+13
  1.1181164260e+00  2.8119334810e+14  4.1913252098e+13
  1.1238308200e+00  2.8450506001e+14  4.2423824905e+13
  1.1295452140e+00  2.8788005511e+14  4.2944445701e+13
  1.1352596080e+00  2.9132009339e+14  4.3475337435e+13
  1.1409740020e+00  2.9482699878e+14  4.4016765568e+13
  1.1466883960e+00  2.9840264538e+14  4.4569049713e+13
  1.1524027900e+00  3.0204894193e+14  4.5132568128e+13
  1.1581171840e+00  3.0576781749e+14  4.5707754282e+13
  1.1638315780e+00  3.0956121089e+14  4.6295086065e+13
  1.1695459720e+00  3.1343106603e+14  4.6895069465e+13
  1.1752603660e+00  3.1737933434e+14  4.7508219519e+13
  1.1809747600e+00  3.2140798399e+14  4.8135041828e+13
  1.1866891540e+00  3.2551901500e+14  4.8776017896e+13
  1.1924035480e+00  3.2971447768e+14  4.9431596926e+13
  1.1981179420e+00  3.3399649169e+14  5.0102195659e+13
  1.2038323360e+00  3.3836726263e+14  5.0788206497e+13
  1.2095467300e+00  3.4282909347e+14  5.1490012729e+13
  1.2152611240e+00  3.4738438887e+14  5.2208008481e+13
  1.2209755180e+00  3.5203565188e+14  5.2942620168e+13
  1.2266899120e+00  3.5678547341e+14  5.3694325939e+13
  1.2324043060e+00  3.6163651658e+14  5.4463669900e+13
  1.2381187000e+00  3.6659149842e+14  5.5251268763e+13
  1.2438330940e+00  3.7165317259e+14  5.6057809817e+13
  1.2495474880e+00  3.7682431598e+14  5.6884040616e+13
  1.2552618820e+00  3.8210772208e+14  5.7730752155e+13
  1.2609762760e+00  3.8750620239e+14  5.8598758502e+13
  1.2666906700e+00  3.9302259632e+14  5.9488876443e+13
  1.2724050640e+00  3.9865978800e+14  6.0401908807e+13
  1.2781194580e+00  4.0442072769e+14  6.1338634525e+13
  1.2838338520e+00  4.1030845449e+14  6.2299807405e+13
  1.2895482460e+00  4.1632611643e+14  6.3286164147e+13
  1.2952626400e+00  4.2247698500e+14  6.4298440557e+13
  1.3009770340e+00  4.2876446150e+14  6.5337393536e+13
  1.3066914280e+00  4.3519207411e+14  6.6403825378e+13
  1.3124058220e+00  4.4176346635e+14  6.7498606519e+13
  1.3181202160e+00  4.4848237878e+14  6.8622693058e+13
  1.3238346100e+00  4.5535262708e+14  6.9777136239e+13
  1.3295490040e+00  4.6237808054e+14  7.0963082424e+13
  1.3352633980e+00  4.6956264463e+14  7.2181763689e+13
  1.3409777920e+00  4.7691025105e+14  7.3434480789e+13
  1.3466921860e+00  4.8442485723e+14  7.4722581566e+13
  1.3524065800e+00  4.9211045579e+14  7.6047438739e+13
  1.3581209740e+00  4.9997109256e+14  7.7410431149e+13
  1.3638353680e+00  5.0801089055e+14  7.8812932052e+13
  1.3695497620e+00  5.1623407591e+14  8.0256306905e+13
  1.3752641560e+00  5.2464500140e+14  8.1741921515e+13
  1.3809785500e+00  5.3324816365e+14  8.3271159705e+13
  1.3866929440e+00  5.4204821071e+14  8.4845448004e+13
  1.3924073380e+00  5.5104993864e+14  8.6466283658e+13
  1.3981217320e+00  5.6025827731e+14  8.8135261662e+13
  1.4038361260e+00  5.6967826748e+14  8.9854096589e+13
  1.4095505200e+00  5.7931503277e+14  9.1624635885e+13
  1.4152649140e+00  5.8917375110e+14  9.3448862666e+13
  1.4209793080e+00  5.9925963023e+14  9.5328887856e+13
  1.4266937020e+00  6.0957789147e+14  9.7266933349e+13
  1.4324080960e+00  6.2013376422e+14  9.9265309426e+13
  1.4381224900e+00  6.3093249222e+14  1.0132639074e+14
  1.4438368840e+00  6.4197935028e+14  1.0345259549e+14
  1.4495512780e+00  6.5327966825e+14  1.0564637203e+14
  1.4552656720e+00  6.6483885796e+14  1.0791019583e+14
  1.4609800660e+00  6.7666243754e+14  1.1024657819e+14
  1.4666944600e+00  6.8875604848e+14  1.1265808607e+14
  1.4724088540e+00  7.0112546111e+14  1.1514737040e+14
  1.4781232480e+00  7.1377656657e+14  1.1771719895e+14
  1.4838376420e+00  7.2671535495e+14  1.2037048895e+14
  1.4895520360e+00  7.3994788213e+14  1.2311033450e+14
  1.4952664300e+00  7.5348022898e+14  1.2594002479e+14
  1.5009808240e+00  7.6731845869e+14  1.2886305066e+14
  1.5066952180e+00  7.8146857754e+14  1.3188309886e+14
  1.5124096120e+00  7.9593650444e+14  1.3500403568e+14
  1.5181240060e+00  8.1072805252e+14  1.3822988333e+14
  1.5238384000e+00  8.2584892420e+14  1.4156479382e+14
  1.5295527940e+00  8.4130471862e+14  1.4501302571e+14
  1.5352671880e+00  8.5710094776e+14  1.4857892856e+14
  1.5409815820e+00  8.7324305594e+14  1.5226693891e+14
  1.5466959760e+00  8.8973643638e+14  1.5608158955e+14
  1.5524103700e+00  9.0658643840e+14  1.6002753165e+14
  1.5581247640e+00  9.2379836022e+14  1.6410956721e+14
  1.5638391580e+00  9.4137742421e+14  1.6833268743e+14
  1.5695535520e+00  9.5932873403e+14  1.7270211136e+14
  1.5752679460e+00  9.7765721607e+14  1.7722331927e+14
  1.5809823400e+00  9.9636754966e+14  1.8190207573e+14
  1.5866967340e+00  1.0154640925e+15  1.8674443921e+14
  1.5924111280e+00  1.0349508084e+15  1.9175675718e+14
  1.5981255220e+00  1.0548312031e+15  1.9694564805e+14
  1.6038399160e+00  1.0751082735e+15  2.0231797361e+14
  1.6095543100e+00  1.0957844715e+15  2.0788080748e+14
  1.6152687040e+00  1.1168616818e+15  2.1364140532e+14
  1.6209830980e+00  1.1383412096e+15  2.1960718294e+14
  1.6266974920e+00  1.1602237709e+15  2.2578570662e+14
  1.6324118860e+00  1.1825094786e+15  2.3218469813e+14
  1.6381262800e+00  1.2051978159e+15  2.3881205423e+14
  1.6438406740e+00  1.2282875897e+15  2.4567587781e+14
  1.6495550680e+00  1.2517768610e+15  2.5278451560e+14
  1.6552694620e+00  1.2756628502e+15  2.6014659586e+14
  1.6609838560e+00  1.2999418197e+15  2.6777105920e+14
  1.6666982500e+00  1.3246089397e+15  2.7566717634e+14
  1.6724126440e+00  1.3496581455e+15  2.8384454842e+14
  1.6781270380e+00  1.3750819933e+15  2.9231308810e+14
  1.6838414320e+00  1.4008715242e+15  3.0108298248e+14
  1.6895558260e+00  1.4270161418e+15  3.1016464162e+14
  1.6952702200e+00  1.4535035062e+15  3.1956863854e+14
  1.7009846140e+00  1.4803194435e+15  3.2930564752e+14
  1.7066990080e+00  1.5074478665e+15  3.3938638739e+14
  1.7124134020e+00  1.5348706979e+15  3.4982157495e+14
  1.7181277960e+00  1.5625677871e+15  3.6062189134e+14
  1.7238421900e+00  1.5905168096e+15  3.7179796073e+14
  1.7295565840e+00  1.6186931426e+15  3.8336033788e+14
  1.7352709780e+00  1.6470697087e+15  3.9531949768e+14
  1.7409853720e+00  1.6756167897e+15  4.0768581841e+14
  1.7466997660e+00  1.7043018115e+15  4.2046954948e+14
  1.7524141600e+00  1.7330891093e+15  4.3368075504e+14
  1.7581285540e+00  1.7619396845e+15  4.4732922727e+14
  1.7638429480e+00  1.7908109640e+15  4.6142436571e+14
  1.7695573420e+00  1.8196565769e+15  4.7597502281e+14
  1.7752717360e+00  1.8484261564e+15  4.9098931902e+14
  1.7809861300e+00  1.8770651746e+15  5.0647443329e+14
  1.7867005240e+00  1.9055148113e+15  5.2243637639e+14
  1.7924149180e+00  1.9337118550e+15  5.3887975428e+14
  1.7981293120e+00  1.9615886293e+15  5.5580752680e+14
  1.8038437060e+00  1.9890729362e+15  5.7322076460e+14
  1.8095581000e+00  2.0160880107e+15  5.9111840286e+14
  1.8152724940e+00  2.0425524800e+15  6.0949698705e+14
  1.8209868880e+00  2.0683803289e+15  6.2835040247e+14
  1.8267012820e+00  2.0934808780e+15  6.4766957754e+14
  1.8324156760e+00  2.1177587901e+15  6.6744215032e+14
  1.8381300700e+00  2.1411141242e+15  6.8765209005e+14
  1.8438444640e+00  2.1634424663e+15  7.0827926861e+14
  1.8495588580e+00  2.1846351642e+15  7.2929898254e+14
  1.8552732520e+00  2.2045796979e+15  7.5068143192e+14
  1.8609876460e+00  2.2231602140e+15  7.7239116905e+14
  1.8667020400e+00  2.2402582436e+15  7.9438653531e+14
  1.8724164340e+00  2.2557536242e+15  8.1661910911e+14
  1.8781308280e+00  2.2695256302e+15  8.3903319078e+14
  1.8838452220e+00  2.2814543175e+15  8.6156535133e+14
  1.8895596160e+00  2.2914220768e+15  8.8414407219e+14
  1.8952740100e+00  2.2993153892e+15  9.0668950182e+14
  1.9009884040e+00  2.3050267725e+15  9.2911335439e+14
  1.9067027980e+00  2.3084569078e+15  9.5131897480e+14
  1.9124171920e+00  2.3095169298e+15  9.7320159529e+14
  1.9181315860e+00  2.3081308629e+15  9.9464880993e+14
  1.9238459800e+00  2.3042381721e+15  1.0155412959e+15
  1.9295603740e+00  2.2977963902e+15  1.0357538121e+15
  1.9352747680e+00  2.2887837570e+15  1.0551565065e+15
  1.9409891620e+00  2.2772017887e+15  1.0736165597e+15
  1.9467035560e+00  2.2630776640e+15  1.0910001858e+15
  1.9524179500e+00  2.2464662883e+15  1.1071749972e+15
  1.9581323440e+00  2.2274518745e+15  1.1220127171e+15
  1.9638467380e+00  2.2061488624e+15  1.1353921988e+15
  1.9695611320e+00  2.1827019966e+15  1.1472026745e+15
  1.9752755260e+00  2.1572853978e+15  1.1573471205e+15
  1.9809899200e+00  2.1301004972e+15  1.1657455894e+15
  1.9867043140e+00  2.1013727552e+15  1.1723383278e+15
  1.9924187080e+00  2.0713471611e+15  1.1770884734e+15
  1.9981331020e+00  2.0402825969e+15  1.1799841202e+15
  2.0038474960e+00  2.0084452423e+15  1.1810395428e+15
  2.0095618900e+00  1.9761012942e+15  1.1802954035e+15
  2.0152762840e+00  1.9435093571e+15  1.1778178098e+15
  2.0209906780e+00  1.9109129273e+15  1.1736961578e+15
  2.0267050720e+00  1.8785334263e+15  1.1680397754e+15
  2.0324194660e+00  1.8465642443e+15  1.1609734690e+15
  2.0381338600e+00  1.8151662103e+15  1.1526321669e+15
  2.0438482540e+00  1.7844648341e+15  1.1431549336e+15
  2.0495626480e+00  1.7545495486e+15  1.1326786984e+15
  2.0552770420e+00  1.7254750445e+15  1.1213320825e+15
  2.0609914360e+00  1.6972646343e+15  1.1092297253e+15
  2.0667058300e+00  1.6699154256e+15  1.0964674931e+15
  2.0724202240e+00  1.6434049421e+15  1.0831189030e+15
  2.0781346180e+00  1.6176987077e+15  1.0692330183e+15
  2.0838490120e+00  1.5927582357e+15  1.0548339657e+15
  2.0895634060e+00  1.5685488250e+15  1.0399221112e+15
  2.0952778000e+00  1.5450465861e+15  1.0244768075e+15
  2.1009921940e+00  1.5222441808e+15  1.0084605089e+15
  2.1067065880e+00  1.5001548731e+15  9.9182395048e+14
  2.1124209820e+00  1.4788146256e+15  9.7451201354e+14
  2.1181353760e+00  1.4582821419e+15  9.5646985387e+14
  2.1238497700e+00  1.4386369198e+15  9.3764886350e+14
  2.1295641640e+00  1.4199755374e+15  9.1801206147e+14
  2.1352785580e+00  1.4024065264e+15  8.9753856846e+14
  2.1409929520e+00  1.3860442804e+15  8.7622690427e+14
  2.1467073460e+00  1.3710025023e+15  8.5409694840e+14
  2.1524217400e+00  1.3573876976e+15  8.3119051268e+14
  2.1581361340e+00  1.3452931861e+15  8.0757058084e+14
  2.1638505280e+00  1.3347940272e+15  7.8331936386e+14
  2.1695649220e+00  1.3259431519e+15  7.5853539427e+14
  2.1752793160e+00  1.3187688732e+15  7.3332993207e+14
  2.1809937100e+00  1.3132738243e+15  7.0782297735e+14
  2.1867081040e+00  1.3094352573e+15  6.8213918029e+14
  2.1924224980e+00  1.3072065388e+15  6.5640391101e+14
  2.1981368920e+00  1.3065196077e+15  6.3073970550e+14
  2.2038512860e+00  1.3072881191e+15  6.0526324477e+14
  2.2095656800e+00  1.3094109875e+15  5.8008296121e+14
  2.2152800740e+00  1.3127760579e+15  5.5529730402e+14
  2.2209944680e+00  1.3172636742e+15  5.3099364154e+14
  2.2267088620e+00  1.3227499639e+15  5.0724773544e+14
  2.2324232560e+00  1.3291097212e+15  4.8412369382e+14
  2.2381376500e+00  1.3362188266e+15  4.6167429587e+14
  2.2438520440e+00  1.3439561958e+15  4.3994158075e+14
  2.2495664380e+00  1.3522052877e+15  4.1895760319e+14
  2.2552808320e+00  1.3608552303e+15  3.9874527629e+14
  2.2609952260e+00  1.3698016318e+15  3.7931924258e+14
  2.2667096200e+00  1.3789471476e+15  3.6068673599e+14
  2.2724240140e+00  1.3882018590e+15  3.4284841529e+14
  2.2781384080e+00  1.3974835087e+15  3.2579916339e+14
  2.2838528020e+00  1.4067176173e+15  3.0952885457e+14
  2.2895671960e+00  1.4158374941e+15  2.9402309462e+14
  2.2952815900e+00  1.4247841425e+15  2.7926393682e+14
  2.3009959840e+00  1.4335060563e+15  2.6523057237e+14
  2.3067103780e+00  1.4419589070e+15  2.5189998837e+14
  2.3124247720e+00  1.4501051259e+15  2.3924758172e+14
  2.3181391660e+00  1.4579133947e+15  2.2724771461e+14
  2.3238535600e+00  1.4653580676e+15  2.1587419764e+14
  2.3295679540e+00  1.4724185555e+15  2.0510068922e+14
  2.3352823480e+00  1.4790787070e+15  1.9490100587e+14
  2.3409967420e+00  1.4853262207e+15  1.8524934436e+14
  2.3467111360e+00  1.4911521169e+15  1.7612042430e+14
  2.3524255300e+00  1.4965502905e+15  1.6748956558e+14
  2.3581399240e+00  1.5015171523e+15  1.5933271940e+14
  2.3638543180e+00  1.5060513573e+15  1.5162647320e+14
  2.3695687120e+00  1.5101536040e+15  1.4434804847e+14
  2.3752831060e+00  1.5138264857e+15  1.3747530665e+14
  2.3809975000e+00  1.5170743660e+15  1.3098677259e+14
  2.3867118940e+00  1.5199032553e+15  1.2486167873e+14
  2.3924262880e+00  1.5223206675e+15  1.1908002675e+14
  2.3981406820e+00  1.5243354449e+15  1.1362265839e+14
  2.4038550760e+00  1.5259575484e+15  1.0847132434e+14
  2.4095694700e+00  1.5271978197e+15  1.0360873883e+14
  2.4152838640e+00  1.5280677295e+15  9.9018609930e+13
  2.4209982580e+00  1.5285791317e+15  9.4685638471e+13
  2.4267126520e+00  1.5287440421e+15  9.0595483704e+13
  2.4324270460e+00  1.5285744616e+15  8.6734698836e+13
  2.4381414400e+00  1.5280822542e+15  8.3090644116e+13
  2.4438558340e+00  1.5272790851e+15  7.9651388465e+13
  2.4495702280e+00  1.5261764145e+15  7.6405611957e+13
  2.4552846220e+00  1.5247855354e+15  7.3342520844e+13
  2.4609990160e+00  1.5231176375e+15  7.0451784244e+13
  2.4667134100e+00  1.5211838778e+15  6.7723497689e+13
  2.4724278040e+00  1.5189954371e+15  6.5148174072e+13
  2.4781421980e+00  1.5165635483e+15  6.2716757949e+13
  2.4838565920e+00  1.5138994852e+15  6.0420655481e+13
  2.4895709860e+00  1.5110145119e+15  5.8251769940e+13
  2.4952853800e+00  1.5079197966e+15  5.6202532263e+13
  2.5009997740e+00  1.5046263036e+15  5.4265917361e+13
  2.5067141680e+00  1.5011446789e+15  5.2435439736e+13
  2.5124285620e+00  1.4974851471e+15  5.0705125769e+13
  2.5181429560e+00  1.4936574358e+15  4.9069464214e+13
  2.5238573500e+00  1.4896707377e+15  4.7523340240e+13
  2.5295717440e+00  1.4855337160e+15  4.6061961129e+13
  2.5352861380e+00  1.4812545510e+15  4.4680783159e+13
  2.5410005320e+00  1.4768410188e+15  4.3375448883e+13
  2.5467149260e+00  1.4723005873e+15  4.2141742227e+13
  2.5524293200e+00  1.4676405160e+15  4.0975565801e+13
  2.5581437140e+00  1.4628679391e+15  3.9872941144e+13
  2.5638581080e+00  1.4579899227e+15  3.8830028875e+13
  2.5695725020e+00  1.4530134851e+15  3.7843162613e+13
  2.5752868960e+00  1.4479455784e+15  3.6908888451e+13
  2.5810012900e+00  1.4427930378e+15  3.6024001177e+13
  2.5867156840e+00  1.4375625065e+15  3.5185569262e+13
  2.5924300780e+00  1.4322603518e+15  3.4390942815e+13
  2.5981444720e+00  1.4268925867e+15  3.3637741795e+13
  2.6038588660e+00  1.4214648127e+15  3.2923825213e+13
  2.6095732600e+00  1.4159821922e+15  3.2247245362e+13
  2.6152876540e+00  1.4104494579e+15  3.1606193590e+13
  2.6210020480e+00  1.4048709571e+15  3.0998945534e+13
  2.6267164420e+00  1.3992507238e+15  3.0423813731e+13
  2.6324308360e+00  1.3935925680e+15  2.9879114211e+13
  2.6381452300e+00  1.3879001683e+15  2.9363151281e+13
  2.6438596240e+00  1.3821771518e+15  2.8874221657e+13
  2.6495740180e+00  1.3764271508e+15  2.8410635879e+13
  2.6552884120e+00  1.3706538271e+15  2.7970752181e+13
  2.6610028060e+00  1.3648608621e+15  2.7553016019e+13
  2.6667172000e+00  1.3590519152e+15  2.7155997702e+13
  2.6724315940e+00  1.3532305592e+15  2.6778421060e+13
  2.6781459880e+00  1.3474002055e+15  2.6419177774e+13
  2.6838603820e+00  1.3415640316e+15  2.6077324504e+13
  2.6895747760e+00  1.3357249254e+15  2.5752062934e+13
  2.6952891700e+00  1.3298854549e+15  2.5442705748e+13
  2.7010035640e+00  1.3240478704e+15  2.5148633882e+13
  2.7067179580e+00  1.3182141390e+15  2.4869251822e+13
  2.7124323520e+00  1.3123860048e+15  2.4603947932e+13
  2.7181467460e+00  1.3065650675e+15  2.4352065931e+13
  2.7238611400e+00  1.3007528643e+15  2.4112891634e+13
  2.7295755340e+00  1.2949509447e+15  2.3885656549e+13
  2.7352899280e+00  1.2891609236e+15  2.3669557056e+13
  2.7410043220e+00  1.2833845071e+15  2.3463785358e+13
  2.7467187160e+00  1.2776234868e+15  2.3267566499e+13
  2.7524331100e+00  1.2718797036e+15  2.3080194817e+13
  2.7581475040e+00  1.2661549902e+15  2.2901063451e+13
  2.7638618980e+00  1.2604511005e+15  2.2729681742e+13
  2.7695762920e+00  1.2547696401e+15  2.2565677528e+13
  2.7752906860e+00  1.2491120093e+15  2.2408783890e+13
  2.7810050800e+00  1.2434793693e+15  2.2258812532e+13
  2.7867194740e+00  1.2378726365e+15  2.2115618195e+13
  2.7924338680e+00  1.2322925075e+15  2.1979059974e+13
  2.7981482620e+00  1.2267395098e+15  2.1848965827e+13
  2.8038626560e+00  1.2212140702e+15  2.1725105986e+13
  2.8095770500e+00  1.2157165895e+15  2.1607179426e+13
  2.8152914440e+00  1.2102475123e+15  2.1494815304e+13
  2.8210058380e+00  1.2048073793e+15  2.1387588789e+13
  2.8267202320e+00  1.1993968545e+15  2.1285048294e+13
  2.8324346260e+00  1.1940167236e+15  2.1186749288e+13
  2.8381490200e+00  1.1886678640e+15  2.1092288797e+13
  2.8438634140e+00  1.1833511922e+15  2.1001334708e+13
  2.8495778080e+00  1.1780675982e+15  2.0913644912e+13
  2.8552922020e+00  1.1728178776e+15  2.0829073082e+13
  2.8610065960e+00  1.1676026740e+15  2.0747560185e+13
  2.8667209900e+00  1.1624224414e+15  2.0669113198e+13
  2.8724353840e+00  1.1572774322e+15  2.0593774638e+13
  2.8781497780e+00  1.1521677143e+15  2.0521588014e+13
  2.8838641720e+00  1.1470932130e+15  2.0452564945e+13
  2.8895785660e+00  1.1420537724e+15  2.0386659327e+13
  2.8952929600e+00  1.1370492239e+15  2.0323752726e+13
  2.9010073540e+00  1.1320794534e+15  2.0263653252e+13
  2.9067217480e+00  1.1271444528e+15  2.0206107875e+13
  2.9124361420e+00  1.1222443508e+15  2.0150825946e+13
  2.9181505360e+00  1.1173794150e+15  2.0097509790e+13
  2.9238649300e+00  1.1125500281e+15  2.0045887148e+13
  2.9295793240e+00  1.1077566409e+15  1.9995739973e+13
  2.9352937180e+00  1.1029997105e+15  1.9946924735e+13
  2.9410081120e+00  1.0982796348e+15  1.9899380908e+13
  2.9467225060e+00  1.0935966945e+15  1.9853126262e+13
  2.9524369000e+00  1.0889510112e+15  1.9808239855e+13
  2.9581512940e+00  1.0843425313e+15  1.9764835626e+13
  2.9638656880e+00  1.0797710350e+15  1.9723031069e+13
  2.9695800820e+00  1.0752361718e+15  1.9682916217e+13
  2.9752944760e+00  1.0707375150e+15  1.9644528098e+13
  2.9810088700e+00  1.0662746265e+15  1.9607834837e+13
  2.9867232640e+00  1.0618471209e+15  1.9572731952e+13
  2.9924376580e+00  1.0574547185e+15  1.9539051320e+13
  2.9981520520e+00  1.0530972785e+15  1.9506581180e+13
  3.0038664460e+00  1.0487748065e+15  1.9475093713e+13
  3.0095808400e+00  1.0444874366e+15  1.9444375494e+13
  3.0152952340e+00  1.0402353888e+15  1.9414255686e+13
  3.0210096280e+00  1.0360189125e+15  1.9384627260e+13
  3.0267240220e+00  1.0318382225e+15  1.9355457741e+13
  3.0324384160e+00  1.0276934405e+15  1.9326787740e+13
  3.0381528100e+00  1.0235845506e+15  1.9298717600e+13
  3.0438672040e+00  1.0195113775e+15  1.9271384483e+13
  3.0495815980e+00  1.0154735903e+15  1.9244933753e+13
  3.0552959920e+00  1.0114707306e+15  1.9219489497e+13
  3.0610103860e+00  1.0075022619e+15  1.9195129079e+13
  3.0667247800e+00  1.0035676306e+15  1.9171865951e+13
  3.0724391740e+00  9.9966632828e+14  1.9149643497e+13
  3.0781535680e+00  9.9579794594e+14  1.9128340867e+13
  3.0838679620e+00  9.9196221051e+14  1.9107789706e+13
  3.0895823560e+00  9.8815899739e+14  1.9087798907e+13
  3.0952967500e+00  9.8438831767e+14  1.9068183177e+13
  3.1010111440e+00  9.8065028186e+14  1.9048790610e+13
  3.1067255380e+00  9.7694504654e+14  1.9029524660e+13
  3.1124399320e+00  9.7327275297e+14  1.9010356864e+13
  3.1181543260e+00  9.6963346792e+14  1.8991328262e+13
  3.1238687200e+00  9.6602713684e+14  1.8972539325e+13
  3.1295831140e+00  9.6245355703e+14  1.8954130163e+13
  3.1352975080e+00  9.5891237547e+14  1.8936254356e+13
  3.1410119020e+00  9.5540311151e+14  1.8919050835e+13
  3.1467262960e+00  9.5192520056e+14  1.8902618499e+13
  3.1524406900e+00  9.4847805157e+14  1.8886997795e+13
  3.1581550840e+00  9.4506110846e+14  1.8872162290e+13
  3.1638694780e+00  9.4167390530e+14  1.8858021563e+13
  3.1695838720e+00  9.3831610613e+14  1.8844434872e+13
  3.1752982660e+00  9.3498752255e+14  1.8831233243e+13
  3.1810126600e+00  9.3168810655e+14  1.8818246223e+13
  3.1867270540e+00  9.2841791953e+14  1.8805328810e+13
  3.1924414480e+00  9.2517708307e+14  1.8792384053e+13
  3.1981558420e+00  9.2196571959e+14  1.8779377558e+13
  3.2038702360e+00  9.1878389295e+14  1.8766341536e+13
  3.2095846300e+00  9.1563155903e+14  1.8753367758e+13
  3.2152990240e+00  9.1250853446e+14  1.8740590657e+13
  3.2210134180e+00  9.0941448885e+14  1.8728163450e+13
  3.2267278120e+00  9.0634896162e+14  1.8716231306e+13
  3.2324422060e+00  9.0331140083e+14  1.8704906048e+13
  3.2381566000e+00  9.0030121715e+14  1.8694246615e+13
  3.2438709940e+00  8.9731784419e+14  1.8684248501e+13
  3.2495853880e+00  8.9436079489e+14  1.8674843904e+13
  3.2552997820e+00  8.9142970465e+14  1.8665912486e+13
  3.2610141760e+00  8.8852435390e+14  1.8657300908e+13
  3.2667285700e+00  8.8564466640e+14  1.8648847823e+13
  3.2724429640e+00  8.8279068373e+14  1.8640410120e+13
  3.2781573580e+00  8.7996252008e+14  1.8631886037e+13
  3.2838717520e+00  8.7716030509e+14  1.8623231291e+13
  3.2895861460e+00  8.7438412439e+14  1.8614465559e+13
  3.2953005400e+00  8.7163396767e+14  1.8605668267e+13
  3.3010149340e+00  8.6890969320e+14  1.8596964451e+13
  3.3067293280e+00  8.6621101449e+14  1.8588503076e+13
  3.3124437220e+00  8.6353751151e+14  1.8580431479e+13
  3.3181581160e+00  8.6088866450e+14  1.8572870214e+13
  3.3238725100e+00  8.5826390462e+14  1.8565892509e+13
  3.3295869040e+00  8.5566267304e+14  1.8559511729e+13
  3.3353012980e+00  8.5308447850e+14  1.8553678919e+13
  3.3410156920e+00  8.5052894365e+14  1.8548290790e+13
  3.3467300860e+00  8.4799583253e+14  1.8543206779e+13
  3.3524444800e+00  8.4548505449e+14  1.8538272279e+13
  3.3581588740e+00  8.4299664400e+14  1.8533344155e+13
  3.3638732680e+00  8.4053071965e+14  1.8528314258e+13
  3.3695876620e+00  8.3808742935e+14  1.8523127025e+13
  3.3753020560e+00  8.3566689088e+14  1.8517788240e+13
  3.3810164500e+00  8.3326913773e+14  1.8512363525e+13
  3.3867308440e+00  8.3089407935e+14  1.8506966855e+13
  3.3924452380e+00  8.2854148250e+14  1.8501741038e+13
  3.3981596320e+00  8.2621097679e+14  1.8496833460e+13
  3.4038740260e+00  8.2390208342e+14  1.8492371155e+13
  3.4095884200e+00  8.2161426239e+14  1.8488439370e+13
  3.4153028140e+00  8.1934697027e+14  1.8485067190e+13
  3.4210172080e+00  8.1709971871e+14  1.8482222611e+13
  3.4267316020e+00  8.1487212401e+14  1.8479817837e+13
  3.4324459960e+00  8.1266393937e+14  1.8477723904e+13
  3.4381603900e+00  8.1047506447e+14  1.8475792143e+13
  3.4438747840e+00  8.0830553067e+14  1.8473878885e+13
  3.4495891780e+00  8.0615546447e+14  1.8471869265e+13
  3.4553035720e+00  8.0402503518e+14  1.8469696156e+13
  3.4610179660e+00  8.0191439566e+14  1.8467351079e+13
  3.4667323600e+00  7.9982362614e+14  1.8464885286e+13
  3.4724467540e+00  7.9775269040e+14  1.8462400871e+13
  3.4781611480e+00  7.9570141170e+14  1.8460033405e+13
  3.4838755420e+00  7.9366947262e+14  1.8457929035e+13
  3.4895899360e+00  7.9165643870e+14  1.8456219873e+13
  3.4953043300e+00  7.8966180200e+14  1.8455001795e+13
  3.5010187240e+00  7.8768503725e+14  1.8454318363e+13
  3.5067331180e+00  7.8572566125e+14  1.8454153518e+13
  3.5124475120e+00  7.8378328545e+14  1.8454434276e+13
  3.5181619060e+00  7.8185765300e+14  1.8455042922e+13
  3.5238763000e+00  7.7994865393e+14  1.8455836670e+13
  3.5295906940e+00  7.7805631603e+14  1.8456671467e+13
  3.5353050880e+00  7.7618077280e+14  1.8457425971e+13
  3.5410194820e+00  7.7432221390e+14  1.8458021683e+13
  3.5467338760e+00  7.7248082643e+14  1.8458435888e+13
  3.5524482700e+00  7.7065673678e+14  1.8458705253e+13
  3.5581626640e+00  7.6884996286e+14  1.8458919488e+13
  3.5638770580e+00  7.6706038476e+14  1.8459206166e+13
  3.5695914520e+00  7.6528773870e+14  1.8459709244e+13
  3.5753058460e+00  7.6353163538e+14  1.8460564876e+13
  3.5810202400e+00  7.6179159965e+14  1.8461878587e+13
  3.5867346340e+00  7.6006712487e+14  1.8463707594e+13
  3.5924490280e+00  7.5835773286e+14  1.8466051242e+13
  3.5981634220e+00  7.5666302940e+14  1.8468851120e+13
  3.6038778160e+00  7.5498274598e+14  1.8472000843e+13
  3.6095922100e+00  7.5331676070e+14  1.8475363837e+13
  3.6153066040e+00  7.5166509490e+14  1.8478796145e+13
  3.6210209980e+00  7.5002788596e+14  1.8482170450e+13
  3.6267353920e+00  7.4840534080e+14  1.8485397279e+13
  3.6324497860e+00  7.4679767790e+14  1.8488439865e+13
  3.6381641800e+00  7.4520506748e+14  1.8491320180e+13
  3.6438785740e+00  7.4362757996e+14  1.8494115149e+13
  3.6495929680e+00  7.4206515122e+14  1.8496943683e+13
  3.6553073620e+00  7.4051757062e+14  1.8499946708e+13
  3.6610217560e+00  7.3898449384e+14  1.8503263536e+13
  3.6667361500e+00  7.3746547835e+14  1.8507008535e+13
  3.6724505440e+00  7.3596003564e+14  1.8511251982e+13
  3.6781649380e+00  7.3446769148e+14  1.8516008308e+13
  3.6838793320e+00  7.3298804415e+14  1.8521233696e+13
  3.6895937260e+00  7.3152081082e+14  1.8526833407e+13
  3.6953081200e+00  7.3006585422e+14  1.8532677626e+13
  3.7010225140e+00  7.2862318527e+14  1.8538623157e+13
  3.7067369080e+00  7.2719294099e+14  1.8544537348e+13
  3.7124513020e+00  7.2577534136e+14  1.8550320240e+13
  3.7181656960e+00  7.2437063250e+14  1.8555921244e+13
  3.7238800900e+00  7.2297902539e+14  1.8561347554e+13
  3.7295944840e+00  7.2160064064e+14  1.8566662906e+13
  3.7353088780e+00  7.2023546843e+14  1.8571976884e+13
  3.7410232720e+00  7.1888335050e+14  1.8577426561e+13
  3.7467376660e+00  7.1754398710e+14  1.8583153562e+13
  3.7524520600e+00  7.1621696794e+14  1.8589280366e+13
  3.7581664540e+00  7.1490182201e+14  1.8595889812e+13
  3.7638808480e+00  7.1359807775e+14  1.8603011245e+13
  3.7695952420e+00  7.1230532384e+14  1.8610615601e+13
  3.7753096360e+00  7.1102326004e+14  1.8618620258e+13
  3.7810240300e+00  7.0975172987e+14  1.8626902852e+13
  3.7867384240e+00  7.0849072934e+14  1.8635321727e+13
  3.7924528180e+00  7.0724039028e+14  1.8643739624e+13
  3.7981672120e+00  7.0600094114e+14  1.8652046635e+13
  3.8038816060e+00  7.0477265143e+14  1.8660178589e+13
