1000.25 -8.4949 28.108
998.004 -8.48538 28.0858
995.767 -8.48062 28.0688
993.54 -8.47587 28.0517
991.322 -8.47112 28.0346
989.115 -8.46636 28.0176
986.918 -8.46161 28.0005
984.73 -8.45685 27.9834
982.552 -8.4521 27.9663
980.383 -8.44735 27.9493
978.224 -8.44259 27.9322
976.075 -8.43784 27.9151
973.935 -8.43309 27.8981
971.804 -8.42833 27.881
969.683 -8.42358 27.8639
967.571 -8.41882 27.8469
965.468 -8.41407 27.8298
963.374 -8.40932 27.8127
961.289 -8.40456 27.7957
959.214 -8.39981 27.7786
957.147 -8.39506 27.7615
955.089 -8.3903 27.7445
953.04 -8.38555 27.7274
951 -8.3808 27.7103
948.968 -8.37604 27.6932
946.945 -8.37129 27.6762
944.931 -8.36653 27.6591
942.925 -8.36178 27.642
940.928 -8.35703 27.625
938.939 -8.35227 27.6079
936.959 -8.34752 27.5908
934.987 -8.34277 27.5738
933.023 -8.33801 27.5567
931.067 -8.33326 27.5396
929.12 -8.3285 27.5226
927.181 -8.32375 27.5055
925.249 -8.319 27.4884
923.326 -8.31424 27.4713
921.411 -8.30949 27.4543
919.504 -8.30474 27.4372
917.605 -8.29998 27.4201
915.713 -8.29523 27.4031
913.829 -8.29047 27.386
911.953 -8.28572 27.3689
910.085 -8.28097 27.3519
908.224 -8.27621 27.3348
906.371 -8.27146 27.3177
904.526 -8.26671 27.3007
902.687 -8.26195 27.2836
900.857 -8.2572 27.2665
899.034 -8.25245 27.2494
897.218 -8.24769 27.2324
895.409 -8.24294 27.2153
893.608 -8.23818 27.1982
891.814 -8.23343 27.1812
890.027 -8.22868 27.1641
888.248 -8.22392 27.147
886.475 -8.21917 27.13
884.71 -8.21442 27.1129
882.951 -8.20966 27.0958
881.2 -8.20491 27.0788
879.455 -8.20015 27.0617
877.717 -8.1954 27.0446
875.987 -8.19065 27.0276
874.263 -8.18589 27.0105
872.545 -8.18114 26.9934
870.835 -8.17639 26.9763
869.131 -8.17163 26.9593
867.434 -8.16688 26.9422
865.743 -8.16213 26.9251
864.059 -8.15737 26.9081
862.382 -8.15262 26.891
860.711 -8.14786 26.8739
859.047 -8.14311 26.8569
857.389 -8.13836 26.8398
855.737 -8.1336 26.8227
854.092 -8.12885 26.8057
852.453 -8.1241 26.7886
850.82 -8.11934 26.7715
849.193 -8.11459 26.7544
847.573 -8.10983 26.7374
845.959 -8.10508 26.7203
844.351 -8.10033 26.7032
842.749 -8.09557 26.6862
841.154 -8.09082 26.6691
839.564 -8.08607 26.652
837.98 -8.08131 26.635
836.402 -8.07656 26.6179
834.83 -8.07181 26.6008
833.264 -8.06705 26.5838
831.704 -8.0623 26.5667
830.15 -8.05754 26.5496
828.602 -8.05279 26.5325
827.059 -8.04804 26.5155
825.522 -8.04328 26.4984
823.991 -8.03853 26.4813
822.465 -8.03378 26.4643
820.945 -8.02902 26.4472
819.431 -8.02427 26.4301
817.922 -8.01951 26.4131
816.419 -8.01476 26.396
814.921 -8.01001 26.3789
813.429 -8.00525 26.3619
811.942 -8.0005 26.3448
810.461 -7.99575 26.3277
808.985 -7.99099 26.3106
807.514 -7.98624 26.2936
806.049 -7.98149 26.2765
804.589 -7.97673 26.2594
803.134 -7.97198 26.2424
801.685 -7.96722 26.2253
800.241 -7.96247 26.2082
798.802 -7.95772 26.1912
797.368 -7.95296 26.1741
795.939 -7.94821 26.157
794.516 -7.94346 26.14
793.097 -7.9387 26.1229
791.684 -7.93395 26.1058
790.275 -7.92919 26.0888
788.872 -7.92444 26.0717
787.473 -7.91969 26.0546
786.08 -7.91493 26.0375
784.691 -7.91018 26.0205
783.308 -7.90543 26.0034
781.929 -7.90067 25.9863
780.555 -7.89592 25.9693
779.186 -7.89117 25.9522
777.821 -7.88641 25.9351
776.462 -7.88166 25.9181
775.107 -7.8769 25.901
773.757 -7.87215 25.8839
772.412 -7.8674 25.8669
771.071 -7.86264 25.8498
769.735 -7.85789 25.8327
768.403 -7.85314 25.8156
767.076 -7.84838 25.7986
765.754 -7.84363 25.7815
764.436 -7.83887 25.7644
763.123 -7.83412 25.7474
761.814 -7.82937 25.7303
760.51 -7.82461 25.7132
759.21 -7.81986 25.6962
757.915 -7.81511 25.6791
756.624 -7.81035 25.662
755.338 -7.8056 25.645
754.056 -7.80085 25.6279
752.778 -7.79609 25.6108
751.504 -7.79134 25.5937
750.235 -7.78658 25.5767
748.97 -7.78183 25.5596
747.709 -7.77708 25.5425
746.453 -7.77232 25.5255
745.201 -7.76757 25.5084
743.953 -7.76282 25.4913
742.709 -7.75806 25.4743
741.469 -7.75331 25.4572
740.234 -7.74855 25.4401
739.002 -7.7438 25.4231
737.775 -7.73905 25.406
736.552 -7.73429 25.3889
735.332 -7.72954 25.3718
734.117 -7.72479 25.3548
732.906 -7.72003 25.3377
731.699 -7.71528 25.3206
730.496 -7.71053 25.3036
729.296 -7.70577 25.2865
728.101 -7.70102 25.2694
726.91 -7.69626 25.2524
725.722 -7.69151 25.2353
724.538 -7.68676 25.2182
723.358 -7.682 25.2012
722.183 -7.67725 25.1841
721.01 -7.6725 25.167
719.842 -7.66774 25.15
718.677 -7.66299 25.1329
717.517 -7.65823 25.1158
716.359 -7.65348 25.0987
715.206 -7.64873 25.0817
714.056 -7.64397 25.0646
712.911 -7.63922 25.0475
711.768 -7.63447 25.0305
710.63 -7.62971 25.0134
709.495 -7.62496 24.9963
708.363 -7.62021 24.9793
707.235 -7.61545 24.9622
706.111 -7.6107 24.9451
704.991 -7.60594 24.9281
703.874 -7.60119 24.911
702.76 -7.59644 24.8939
701.65 -7.59168 24.8768
700.544 -7.58693 24.8598
699.441 -7.58218 24.8427
698.341 -7.57742 24.8256
697.245 -7.57267 24.8086
696.152 -7.56791 24.7915
695.063 -7.56316 24.7744
693.977 -7.55841 24.7574
692.895 -7.55365 24.7403
691.816 -7.5489 24.7232
690.74 -7.54415 24.7062
689.667 -7.53939 24.6891
688.598 -7.53464 24.672
687.533 -7.52989 24.6549
686.47 -7.52513 24.6379
685.411 -7.52038 24.6208
684.355 -7.51562 24.6037
683.302 -7.51087 24.5867
682.253 -7.50612 24.5696
681.207 -7.50136 24.5525
680.164 -7.49661 24.5355
679.124 -7.49186 24.5184
678.087 -7.4871 24.5013
677.054 -7.48235 24.4843
676.023 -7.47759 24.4672
674.996 -7.47284 24.4501
673.972 -7.46809 24.433
672.951 -7.46333 24.416
671.933 -7.45858 24.3989
670.918 -7.45383 24.3818
669.907 -7.44907 24.3648
668.898 -7.44432 24.3477
667.892 -7.43956 24.3306
666.889 -7.43481 24.3136
665.89 -7.43006 24.2965
664.893 -7.4253 24.2794
663.899 -7.42055 24.2624
662.909 -7.4158 24.2453
661.921 -7.41104 24.2282
660.936 -7.40629 24.2112
659.954 -7.40154 24.1941
658.975 -7.39678 24.177
657.999 -7.39203 24.1599
657.026 -7.38727 24.1429
656.055 -7.38252 24.1258
655.088 -7.37777 24.1087
654.123 -7.37301 24.0917
653.162 -7.36826 24.0746
652.203 -7.36351 24.0575
651.246 -7.35875 24.0405
650.293 -7.354 24.0234
649.343 -7.34924 24.0063
648.395 -7.34449 23.9893
647.45 -7.33974 23.9722
646.507 -7.33498 23.9551
645.568 -7.33023 23.938
644.631 -7.32548 23.921
643.697 -7.32072 23.9039
642.766 -7.31597 23.8868
641.837 -7.31122 23.8698
640.911 -7.30646 23.8527
639.988 -7.30171 23.8356
639.067 -7.29695 23.8186
638.149 -7.2922 23.8015
637.233 -7.28745 23.7844
636.321 -7.28269 23.7674
635.41 -7.27794 23.7503
634.503 -7.27319 23.7332
633.598 -7.26843 23.7161
632.695 -7.26368 23.6991
631.796 -7.25892 23.682
630.898 -7.25417 23.6649
630.003 -7.24942 23.6479
629.111 -7.24466 23.6308
628.222 -7.23991 23.6137
627.334 -7.23516 23.5967
626.45 -7.2304 23.5796
625.568 -7.22565 23.5625
624.688 -7.2209 23.5455
623.811 -7.21614 23.5284
622.936 -7.21139 23.5113
622.063 -7.20663 23.4942
621.194 -7.20188 23.4772
620.326 -7.19713 23.4601
619.461 -7.19237 23.443
618.598 -7.18762 23.426
617.738 -7.18287 23.4089
616.88 -7.17811 23.3918
616.025 -7.17336 23.3748
615.172 -7.1686 23.3577
614.321 -7.16385 23.3406
613.473 -7.1591 23.3236
612.627 -7.15434 23.3065
611.783 -7.14959 23.2894
610.942 -7.14484 23.2724
610.103 -7.14008 23.2553
609.266 -7.13533 23.2382
608.431 -7.13058 23.2211
607.599 -7.12582 23.2041
606.769 -7.12107 23.187
605.941 -7.11631 23.1699
605.116 -7.11156 23.1529
604.293 -7.10681 23.1358
603.472 -7.10205 23.1187
602.653 -7.0973 23.1017
601.837 -7.09255 23.0846
601.023 -7.08779 23.0675
600.21 -7.08304 23.0505
599.401 -7.07828 23.0334
598.593 -7.07353 23.0163
597.787 -7.06878 22.9992
596.984 -7.06402 22.9822
596.183 -7.05927 22.9651
595.384 -7.05452 22.948
594.587 -7.04976 22.931
593.792 -7.04501 22.9139
592.999 -7.04026 22.8968
592.209 -7.0355 22.8798
591.42 -7.03075 22.8627
590.634 -7.02599 22.8456
589.85 -7.02124 22.8286
589.068 -7.01649 22.8115
588.288 -7.01173 22.7944
587.509 -7.00698 22.7773
586.733 -7.00223 22.7603
585.96 -6.99747 22.7432
585.188 -6.99272 22.7261
584.418 -6.98796 22.7091
583.65 -6.98321 22.692
582.884 -6.97846 22.6749
582.12 -6.9737 22.6579
581.358 -6.96895 22.6408
580.599 -6.9642 22.6237
579.841 -6.95944 22.6067
579.085 -6.95469 22.5896
578.331 -6.94994 22.5725
577.579 -6.94518 22.5554
576.829 -6.94043 22.5384
576.081 -6.93567 22.5213
575.335 -6.93092 22.5042
574.591 -6.92617 22.4872
573.848 -6.92141 22.4701
573.108 -6.91666 22.453
572.37 -6.91191 22.436
571.633 -6.90715 22.4189
570.898 -6.9024 22.4018
570.166 -6.89764 22.3848
569.435 -6.89289 22.3677
568.706 -6.88814 22.3506
567.979 -6.88338 22.3336
567.253 -6.87863 22.3165
566.53 -6.87388 22.2994
565.808 -6.86912 22.2823
565.089 -6.86437 22.2653
564.371 -6.85962 22.2482
563.655 -6.85486 22.2311
562.94 -6.85011 22.2141
562.228 -6.84535 22.197
561.517 -6.8406 22.1799
560.808 -6.83585 22.1629
560.101 -6.83109 22.1458
559.396 -6.82634 22.1287
558.692 -6.82159 22.1117
557.99 -6.81683 22.0946
557.29 -6.81208 22.0775
556.592 -6.80732 22.0604
555.896 -6.80257 22.0434
555.201 -6.79782 22.0263
554.508 -6.79306 22.0092
553.817 -6.78831 21.9922
553.127 -6.78356 21.9751
552.439 -6.7788 21.958
551.753 -6.77405 21.941
551.068 -6.7693 21.9239
550.386 -6.76454 21.9068
549.705 -6.75979 21.8898
549.025 -6.75503 21.8727
548.348 -6.75028 21.8556
547.671 -6.74553 21.8385
546.997 -6.74077 21.8215
546.324 -6.73602 21.8044
545.653 -6.73127 21.7873
544.984 -6.72651 21.7703
544.316 -6.72176 21.7532
543.65 -6.717 21.7361
542.985 -6.71225 21.7191
542.323 -6.7075 21.702
541.661 -6.70274 21.6849
541.002 -6.69799 21.6679
540.344 -6.69324 21.6508
539.687 -6.68848 21.6337
539.032 -6.68373 21.6166
538.379 -6.67897 21.5996
537.727 -6.67422 21.5825
537.077 -6.66947 21.5654
536.429 -6.66471 21.5484
535.782 -6.65996 21.5313
535.136 -6.65521 21.5142
534.492 -6.65045 21.4972
533.85 -6.6457 21.4801
533.209 -6.64095 21.463
532.57 -6.63619 21.446
531.932 -6.63144 21.4289
531.296 -6.62668 21.4118
530.661 -6.62193 21.3948
530.028 -6.61718 21.3777
529.396 -6.61242 21.3606
528.766 -6.60767 21.3435
528.138 -6.60292 21.3265
527.51 -6.59816 21.3094
526.885 -6.59341 21.2923
526.261 -6.58865 21.2753
525.638 -6.5839 21.2582
525.017 -6.57915 21.2411
524.397 -6.57439 21.2241
523.779 -6.56964 21.207
523.162 -6.56489 21.1899
522.546 -6.56013 21.1729
521.932 -6.55538 21.1558
521.32 -6.55063 21.1387
520.709 -6.54587 21.1216
520.099 -6.54112 21.1046
519.491 -6.53636 21.0875
518.884 -6.53161 21.0704
518.279 -6.52686 21.0534
517.675 -6.5221 21.0363
517.072 -6.51735 21.0192
516.471 -6.5126 21.0022
515.871 -6.50784 20.9851
515.273 -6.50309 20.968
514.676 -6.49833 20.951
514.08 -6.49358 20.9339
513.486 -6.48883 20.9168
512.893 -6.48407 20.8997
512.302 -6.47932 20.8827
511.711 -6.47457 20.8656
511.123 -6.46981 20.8485
510.535 -6.46506 20.8315
509.949 -6.46031 20.8144
509.364 -6.45555 20.7973
508.781 -6.4508 20.7803
508.199 -6.44604 20.7632
507.618 -6.44129 20.7461
507.039 -6.43654 20.7291
506.461 -6.43178 20.712
505.884 -6.42703 20.6949
505.309 -6.42228 20.6778
504.734 -6.41752 20.6608
504.162 -6.41277 20.6437
503.59 -6.40801 20.6266
503.02 -6.40326 20.6096
502.451 -6.39851 20.5925
501.883 -6.39375 20.5754
501.317 -6.389 20.5584
500.752 -6.38425 20.5413
500.188 -6.37949 20.5242
499.625 -6.37474 20.5072
499.064 -6.36999 20.4901
498.504 -6.36523 20.473
497.945 -6.36048 20.456
497.388 -6.35572 20.4389
496.831 -6.35097 20.4218
496.276 -6.34622 20.4047
495.722 -6.34146 20.3877
495.17 -6.33671 20.3706
494.619 -6.33196 20.3535
494.068 -6.3272 20.3365
493.52 -6.32245 20.3194
492.972 -6.31769 20.3023
492.425 -6.31294 20.2853
491.88 -6.30819 20.2682
491.336 -6.30343 20.2511
490.793 -6.29868 20.2341
490.252 -6.29393 20.217
489.711 -6.28917 20.1999
489.172 -6.28442 20.1828
488.634 -6.27967 20.1658
488.097 -6.27491 20.1487
487.561 -6.27016 20.1316
487.027 -6.2654 20.1146
486.493 -6.26065 20.0975
485.961 -6.2559 20.0804
485.43 -6.25114 20.0634
484.9 -6.24639 20.0463
484.371 -6.24164 20.0292
483.844 -6.23688 20.0122
483.317 -6.23213 19.9951
482.792 -6.22737 19.978
482.268 -6.22262 19.9609
481.745 -6.21787 19.9439
481.223 -6.21311 19.9268
480.702 -6.20836 19.9097
480.183 -6.20361 19.8927
479.664 -6.19885 19.8756
479.147 -6.1941 19.8585
478.631 -6.18935 19.8415
478.115 -6.18459 19.8244
477.601 -6.17984 19.8073
477.088 -6.17508 19.7903
476.577 -6.17033 19.7732
476.066 -6.16558 19.7561
475.556 -6.16082 19.739
475.048 -6.15607 19.722
474.54 -6.15132 19.7049
474.034 -6.14656 19.6878
473.529 -6.14181 19.6708
473.024 -6.13705 19.6537
472.521 -6.1323 19.6366
472.019 -6.12755 19.6196
471.518 -6.12279 19.6025
471.018 -6.11804 19.5854
470.519 -6.11329 19.5684
470.021 -6.10853 19.5513
469.525 -6.10378 19.5342
469.029 -6.09903 19.5172
468.534 -6.09427 19.5001
468.04 -6.08952 19.483
467.548 -6.08476 19.4659
467.056 -6.08001 19.4489
466.566 -6.07526 19.4318
466.076 -6.0705 19.4147
465.588 -6.06575 19.3977
465.1 -6.061 19.3806
464.614 -6.05624 19.3635
464.128 -6.05149 19.3465
463.644 -6.04673 19.3294
463.161 -6.04198 19.3123
462.678 -6.03723 19.2953
462.197 -6.03247 19.2782
461.716 -6.02772 19.2611
461.237 -6.02297 19.244
460.759 -6.01821 19.227
460.281 -6.01346 19.2099
459.805 -6.00871 19.1928
459.329 -6.00395 19.1758
458.855 -5.9992 19.1587
458.381 -5.99444 19.1416
457.909 -5.98969 19.1246
457.437 -5.98494 19.1075
456.967 -5.98018 19.0904
456.497 -5.97543 19.0734
456.028 -5.97068 19.0563
455.561 -5.96592 19.0392
455.094 -5.96117 19.0221
454.628 -5.95641 19.0051
454.164 -5.95166 18.988
453.7 -5.94691 18.9709
453.237 -5.94215 18.9539
452.775 -5.9374 18.9368
452.314 -5.93265 18.9197
451.854 -5.92789 18.9027
451.395 -5.92314 18.8856
450.936 -5.91839 18.8685
450.479 -5.91363 18.8515
450.023 -5.90888 18.8344
449.567 -5.90412 18.8173
449.113 -5.89937 18.8003
448.659 -5.89462 18.7832
448.206 -5.88986 18.7661
447.755 -5.88511 18.749
447.304 -5.88036 18.732
446.854 -5.8756 18.7149
446.405 -5.87085 18.6978
445.957 -5.86609 18.6808
445.509 -5.86134 18.6637
445.063 -5.85659 18.6466
444.618 -5.85183 18.6296
444.173 -5.84708 18.6125
443.729 -5.84233 18.5954
443.287 -5.83757 18.5784
442.845 -5.83282 18.5613
442.404 -5.82806 18.5442
441.963 -5.82331 18.5271
441.524 -5.81856 18.5101
441.086 -5.8138 18.493
440.648 -5.80905 18.4759
440.212 -5.8043 18.4589
439.776 -5.79954 18.4418
439.341 -5.79479 18.4247
438.907 -5.79004 18.4077
438.474 -5.78528 18.3906
438.041 -5.78053 18.3735
437.61 -5.77577 18.3565
437.179 -5.77102 18.3394
436.749 -5.76627 18.3223
436.32 -5.76151 18.3052
435.892 -5.75676 18.2882
435.465 -5.75201 18.2711
435.038 -5.74725 18.254
434.613 -5.7425 18.237
434.188 -5.73774 18.2199
433.764 -5.73299 18.2028
433.341 -5.72824 18.1858
432.918 -5.72348 18.1687
432.497 -5.71873 18.1516
432.076 -5.71398 18.1346
431.656 -5.70922 18.1175
431.237 -5.70447 18.1004
430.819 -5.69972 18.0833
430.402 -5.69496 18.0663
429.985 -5.69021 18.0492
429.569 -5.68545 18.0321
429.154 -5.6807 18.0151
428.74 -5.67595 17.998
428.327 -5.67119 17.9809
427.914 -5.66644 17.9639
427.502 -5.66169 17.9468
427.091 -5.65693 17.9297
426.681 -5.65218 17.9127
426.272 -5.64742 17.8956
425.863 -5.64267 17.8785
425.455 -5.63792 17.8615
425.048 -5.63316 17.8444
424.642 -5.62841 17.8273
424.236 -5.62366 17.8102
423.831 -5.6189 17.7932
423.427 -5.61415 17.7761
423.024 -5.6094 17.759
422.622 -5.60464 17.742
422.22 -5.59989 17.7249
421.819 -5.59513 17.7078
421.419 -5.59038 17.6908
421.02 -5.58563 17.6737
420.621 -5.58087 17.6566
420.223 -5.57612 17.6396
419.826 -5.57137 17.6225
419.429 -5.56661 17.6054
419.034 -5.56186 17.5883
418.639 -5.5571 17.5713
418.245 -5.55235 17.5542
417.851 -5.5476 17.5371
417.459 -5.54284 17.5201
417.067 -5.53809 17.503
416.675 -5.53334 17.4859
416.285 -5.52858 17.4689
415.895 -5.52383 17.4518
415.506 -5.51908 17.4347
415.118 -5.51432 17.4177
414.73 -5.50957 17.4006
414.344 -5.50481 17.3835
413.957 -5.50006 17.3664
413.572 -5.49531 17.3494
413.187 -5.49055 17.3323
412.803 -5.4858 17.3152
412.42 -5.48105 17.2982
412.038 -5.47629 17.2811
411.656 -5.47154 17.264
411.275 -5.46678 17.247
410.894 -5.46203 17.2299
410.515 -5.45728 17.2128
410.136 -5.45252 17.1958
409.757 -5.44777 17.1787
409.38 -5.44302 17.1616
409.003 -5.43826 17.1445
408.626 -5.43351 17.1275
408.251 -5.42876 17.1104
407.876 -5.424 17.0933
407.502 -5.41925 17.0763
407.128 -5.41449 17.0592
406.756 -5.40974 17.0421
406.384 -5.40499 17.0251
406.012 -5.40023 17.008
405.641 -5.39548 16.9909
405.271 -5.39073 16.9739
404.902 -5.38597 16.9568
404.533 -5.38122 16.9397
404.165 -5.37646 16.9227
403.798 -5.37171 16.9056
403.431 -5.36696 16.8885
403.065 -5.3622 16.8714
402.7 -5.35745 16.8544
402.335 -5.3527 16.8373
401.971 -5.34794 16.8202
401.607 -5.34319 16.8032
401.245 -5.33844 16.7861
400.883 -5.33368 16.769
400.521 -5.32893 16.752
400.16 -5.32417 16.7349
399.8 -5.31942 16.7178
399.441 -5.31467 16.7008
399.082 -5.30991 16.6837
398.724 -5.30516 16.6666
398.366 -5.30041 16.6495
398.009 -5.29565 16.6325
397.653 -5.2909 16.6154
397.297 -5.28614 16.5983
396.942 -5.28139 16.5813
396.588 -5.27664 16.5642
396.234 -5.27188 16.5471
395.881 -5.26713 16.5301
395.528 -5.26238 16.513
395.177 -5.25762 16.4959
394.825 -5.25287 16.4789
394.475 -5.24812 16.4618
394.125 -5.24336 16.4447
393.775 -5.23861 16.4276
393.427 -5.23385 16.4106
393.078 -5.2291 16.3935
392.731 -5.22435 16.3764
392.384 -5.21959 16.3594
392.038 -5.21484 16.3423
391.692 -5.21009 16.3252
391.347 -5.20533 16.3082
391.003 -5.20058 16.2911
390.659 -5.19582 16.274
390.315 -5.19107 16.257
389.973 -5.18632 16.2399
389.631 -5.18156 16.2228
389.289 -5.17681 16.2057
388.948 -5.17206 16.1887
388.608 -5.1673 16.1716
388.269 -5.16255 16.1545
387.929 -5.1578 16.1375
387.591 -5.15304 16.1204
387.253 -5.14829 16.1033
386.916 -5.14353 16.0863
386.579 -5.13878 16.0692
386.243 -5.13403 16.0521
385.907 -5.12927 16.0351
385.573 -5.12452 16.018
385.238 -5.11977 16.0009
384.904 -5.11501 15.9839
384.571 -5.11026 15.9668
384.238 -5.1055 15.9497
383.906 -5.10075 15.9326
383.575 -5.096 15.9156
383.244 -5.09124 15.8985
382.914 -5.08649 15.8814
382.584 -5.08174 15.8644
382.255 -5.07698 15.8473
381.926 -5.07223 15.8302
381.598 -5.06748 15.8132
381.27 -5.06272 15.7961
380.943 -5.05797 15.779
380.617 -5.05321 15.762
380.291 -5.04846 15.7449
379.966 -5.04371 15.7278
379.641 -5.03895 15.7107
379.317 -5.0342 15.6937
378.993 -5.02945 15.6766
378.67 -5.02469 15.6595
378.348 -5.01994 15.6425
378.026 -5.01518 15.6254
377.704 -5.01043 15.6083
377.384 -5.00568 15.5913
377.063 -5.00092 15.5742
376.743 -4.99617 15.5571
376.424 -4.99142 15.5401
376.105 -4.98666 15.523
375.787 -4.98191 15.5059
375.47 -4.97715 15.4888
375.153 -4.9724 15.4718
374.836 -4.96765 15.4547
374.52 -4.96289 15.4376
374.205 -4.95814 15.4206
373.89 -4.95339 15.4035
373.575 -4.94863 15.3864
373.261 -4.94388 15.3694
372.948 -4.93913 15.3523
372.635 -4.93437 15.3352
372.323 -4.92962 15.3182
372.011 -4.92486 15.3011
371.7 -4.92011 15.284
371.389 -4.91536 15.2669
371.079 -4.9106 15.2499
370.769 -4.90585 15.2328
370.46 -4.9011 15.2157
370.151 -4.89634 15.1987
369.843 -4.89159 15.1816
369.535 -4.88683 15.1645
369.228 -4.88208 15.1475
368.921 -4.87733 15.1304
368.615 -4.87257 15.1133
368.31 -4.86782 15.0963
368.005 -4.86307 15.0792
367.7 -4.85831 15.0621
367.396 -4.85356 15.0451
367.092 -4.84881 15.028
366.789 -4.84405 15.0109
366.487 -4.8393 14.9938
366.184 -4.83454 14.9768
365.883 -4.82979 14.9597
365.582 -4.82504 14.9426
365.281 -4.82028 14.9256
364.981 -4.81553 14.9085
364.681 -4.81078 14.8914
364.382 -4.80602 14.8744
364.084 -4.80127 14.8573
363.785 -4.79651 14.8402
363.488 -4.79176 14.8232
363.191 -4.78701 14.8061
362.894 -4.78225 14.789
362.598 -4.7775 14.7719
362.302 -4.77275 14.7549
362.007 -4.76799 14.7378
361.712 -4.76324 14.7207
361.418 -4.75849 14.7037
361.124 -4.75373 14.6866
360.83 -4.74898 14.6695
360.538 -4.74422 14.6525
360.245 -4.73947 14.6354
359.953 -4.73472 14.6183
359.662 -4.72996 14.6013
359.371 -4.72521 14.5842
359.08 -4.72046 14.5671
358.79 -4.7157 14.55
358.501 -4.71095 14.533
358.212 -4.70619 14.5159
357.923 -4.70144 14.4988
357.635 -4.69669 14.4818
357.347 -4.69193 14.4647
357.06 -4.68718 14.4476
356.773 -4.68243 14.4306
356.487 -4.67767 14.4135
356.201 -4.67292 14.3964
355.916 -4.66817 14.3794
355.631 -4.66341 14.3623
355.346 -4.65866 14.3452
355.062 -4.6539 14.3281
354.779 -4.64915 14.3111
354.496 -4.6444 14.294
354.213 -4.63964 14.2769
353.931 -4.63489 14.2599
353.649 -4.63014 14.2428
353.368 -4.62538 14.2257
353.087 -4.62063 14.2087
352.806 -4.61587 14.1916
352.526 -4.61112 14.1745
352.247 -4.60637 14.1575
351.968 -4.60161 14.1404
351.689 -4.59686 14.1233
351.411 -4.59211 14.1063
351.133 -4.58735 14.0892
350.856 -4.5826 14.0721
350.579 -4.57785 14.055
350.302 -4.57309 14.038
350.026 -4.56834 14.0209
349.751 -4.56358 14.0038
349.476 -4.55883 13.9868
349.201 -4.55408 13.9697
348.927 -4.54932 13.9526
348.653 -4.54457 13.9356
348.379 -4.53982 13.9185
348.106 -4.53506 13.9014
347.834 -4.53031 13.8844
347.562 -4.52555 13.8673
347.29 -4.5208 13.8502
347.019 -4.51605 13.8331
346.748 -4.51129 13.8161
346.477 -4.50654 13.799
346.207 -4.50179 13.7819
345.938 -4.49703 13.7649
345.668 -4.49228 13.7478
345.4 -4.48753 13.7307
345.131 -4.48277 13.7137
344.863 -4.47802 13.6966
344.596 -4.47326 13.6795
344.329 -4.46851 13.6625
344.062 -4.46376 13.6454
343.796 -4.459 13.6283
343.53 -4.45425 13.6112
343.264 -4.4495 13.5942
342.999 -4.44474 13.5771
342.735 -4.43999 13.56
342.471 -4.43523 13.543
342.207 -4.43048 13.5259
341.943 -4.42573 13.5088
341.68 -4.42097 13.4918
341.418 -4.41622 13.4747
341.155 -4.41147 13.4576
340.894 -4.40671 13.4406
340.632 -4.40196 13.4235
340.371 -4.39721 13.4064
340.111 -4.39245 13.3893
339.85 -4.3877 13.3723
339.591 -4.38294 13.3552
339.331 -4.37819 13.3381
339.072 -4.37344 13.3211
338.814 -4.36868 13.304
338.555 -4.36393 13.2869
338.298 -4.35918 13.2699
338.04 -4.35442 13.2528
337.783 -4.34967 13.2357
337.526 -4.34491 13.2187
337.27 -4.34016 13.2016
337.014 -4.33541 13.1845
336.759 -4.33065 13.1675
336.504 -4.3259 13.1504
336.249 -4.32115 13.1333
335.995 -4.31639 13.1162
335.741 -4.31164 13.0992
335.487 -4.30689 13.0821
335.234 -4.30213 13.065
334.981 -4.29738 13.048
334.729 -4.29262 13.0309
334.477 -4.28787 13.0138
334.225 -4.28312 12.9968
333.974 -4.27836 12.9797
333.723 -4.27361 12.9626
333.472 -4.26886 12.9456
333.222 -4.2641 12.9285
332.973 -4.25935 12.9114
332.723 -4.25459 12.8943
332.474 -4.24984 12.8773
332.225 -4.24509 12.8602
331.977 -4.24033 12.8431
331.729 -4.23558 12.8261
331.482 -4.23083 12.809
331.235 -4.22607 12.7919
330.988 -4.22132 12.7749
330.741 -4.21656 12.7578
330.495 -4.21181 12.7407
330.25 -4.20706 12.7237
330.004 -4.2023 12.7066
329.759 -4.19755 12.6895
329.515 -4.1928 12.6724
329.27 -4.18804 12.6554
329.027 -4.18329 12.6383
328.783 -4.17854 12.6212
328.54 -4.17378 12.6042
328.297 -4.16903 12.5871
328.055 -4.16427 12.57
327.812 -4.15952 12.553
327.571 -4.15477 12.5359
327.329 -4.15001 12.5188
327.088 -4.14526 12.5018
326.848 -4.14051 12.4847
326.607 -4.13575 12.4676
326.367 -4.131 12.4505
326.128 -4.12624 12.4335
325.889 -4.12149 12.4164
325.65 -4.11674 12.3993
325.411 -4.11198 12.3823
325.173 -4.10723 12.3652
324.935 -4.10248 12.3481
324.698 -4.09772 12.3311
324.46 -4.09297 12.314
324.224 -4.08822 12.2969
323.987 -4.08346 12.2799
323.751 -4.07871 12.2628
323.515 -4.07395 12.2457
323.28 -4.0692 12.2287
323.045 -4.06445 12.2116
322.81 -4.05969 12.1945
322.576 -4.05494 12.1774
322.341 -4.05019 12.1604
322.108 -4.04543 12.1433
321.874 -4.04068 12.1262
321.641 -4.03592 12.1092
321.409 -4.03117 12.0921
321.176 -4.02642 12.075
320.944 -4.02166 12.058
320.712 -4.01691 12.0409
320.481 -4.01216 12.0238
320.25 -4.0074 12.0068
320.019 -4.00265 11.9897
319.789 -3.9979 11.9726
319.559 -3.99314 11.9555
319.329 -3.98839 11.9385
319.1 -3.98363 11.9214
318.871 -3.97888 11.9043
318.642 -3.97413 11.8873
318.414 -3.96937 11.8702
318.186 -3.96462 11.8531
317.958 -3.95987 11.8361
317.73 -3.95511 11.819
317.503 -3.95036 11.8019
317.276 -3.9456 11.7849
317.05 -3.94085 11.7678
316.824 -3.9361 11.7507
316.598 -3.93134 11.7336
316.373 -3.92659 11.7166
316.147 -3.92184 11.6995
315.923 -3.91708 11.6824
315.698 -3.91233 11.6654
315.474 -3.90758 11.6483
315.25 -3.90282 11.6312
315.026 -3.89807 11.6142
314.803 -3.89331 11.5971
314.58 -3.88856 11.58
314.358 -3.88381 11.563
314.135 -3.87905 11.5459
313.913 -3.8743 11.5288
313.692 -3.86955 11.5118
313.47 -3.86479 11.4947
313.249 -3.86004 11.4776
313.029 -3.85528 11.4605
312.808 -3.85053 11.4435
312.588 -3.84578 11.4264
312.368 -3.84102 11.4093
312.149 -3.83627 11.3923
311.93 -3.83152 11.3752
311.711 -3.82676 11.3581
311.492 -3.82201 11.3411
311.274 -3.81726 11.324
311.056 -3.8125 11.3069
310.838 -3.80775 11.2899
310.621 -3.80299 11.2728
310.404 -3.79824 11.2557
310.187 -3.79349 11.2386
309.971 -3.78873 11.2216
309.754 -3.78398 11.2045
309.539 -3.77923 11.1874
309.323 -3.77447 11.1704
309.108 -3.76972 11.1533
308.893 -3.76496 11.1362
308.678 -3.76021 11.1192
308.464 -3.75546 11.1021
308.25 -3.7507 11.085
308.036 -3.74595 11.068
307.823 -3.7412 11.0509
307.61 -3.73644 11.0338
307.397 -3.73169 11.0167
307.184 -3.72694 10.9997
306.972 -3.72218 10.9826
306.76 -3.71743 10.9655
306.548 -3.71267 10.9485
306.337 -3.70792 10.9314
306.126 -3.70317 10.9143
305.915 -3.69841 10.8973
305.704 -3.69366 10.8802
305.494 -3.68891 10.8631
305.284 -3.68415 10.8461
305.074 -3.6794 10.829
304.865 -3.67464 10.8119
304.656 -3.66989 10.7948
304.447 -3.66514 10.7778
304.239 -3.66038 10.7607
304.031 -3.65563 10.7436
303.823 -3.65088 10.7266
303.615 -3.64612 10.7095
303.408 -3.64137 10.6924
303.2 -3.63662 10.6754
302.994 -3.63186 10.6583
302.787 -3.62711 10.6412
302.581 -3.62235 10.6242
302.375 -3.6176 10.6071
302.169 -3.61285 10.59
301.964 -3.60809 10.573
301.759 -3.60334 10.5559
301.554 -3.59859 10.5388
301.349 -3.59383 10.5217
301.145 -3.58908 10.5047
300.941 -3.58432 10.4876
300.737 -3.57957 10.4705
300.534 -3.57482 10.4535
300.331 -3.57006 10.4364
300.128 -3.56531 10.4193
299.925 -3.56056 10.4023
299.723 -3.5558 10.3852
299.521 -3.55105 10.3681
299.319 -3.5463 10.3511
299.117 -3.54154 10.334
298.916 -3.53679 10.3169
298.715 -3.53203 10.2998
298.514 -3.52728 10.2828
298.314 -3.52253 10.2657
298.114 -3.51777 10.2486
297.914 -3.51302 10.2316
297.714 -3.50827 10.2145
297.515 -3.50351 10.1974
297.315 -3.49876 10.1804
297.117 -3.494 10.1633
296.918 -3.48925 10.1462
296.72 -3.4845 10.1292
296.522 -3.47974 10.1121
296.324 -3.47499 10.095
296.126 -3.47024 10.0779
295.929 -3.46548 10.0609
295.732 -3.46073 10.0438
295.535 -3.45598 10.0267
295.339 -3.45122 10.0097
295.143 -3.44647 9.9926
294.947 -3.44171 9.97553
294.751 -3.43696 9.95846
294.555 -3.43221 9.94139
294.36 -3.42745 9.92432
294.165 -3.4227 9.90726
293.971 -3.41795 9.89019
293.776 -3.41319 9.87312
293.582 -3.40844 9.85605
293.388 -3.40368 9.83898
293.195 -3.39893 9.82191
293.001 -3.39418 9.80484
292.808 -3.38942 9.78777
292.615 -3.38467 9.7707
292.423 -3.37992 9.75363
292.23 -3.37516 9.73656
292.038 -3.37041 9.7195
291.846 -3.36565 9.70243
291.655 -3.3609 9.68536
291.463 -3.35615 9.66829
291.272 -3.35139 9.65122
291.081 -3.34664 9.63415
290.891 -3.34189 9.61708
290.7 -3.33713 9.60001
290.51 -3.33238 9.58294
290.32 -3.32763 9.56587
290.131 -3.32287 9.5488
289.941 -3.31812 9.53174
289.752 -3.31336 9.51467
289.563 -3.30861 9.4976
289.375 -3.30386 9.48053
289.186 -3.2991 9.46346
288.998 -3.29435 9.44639
288.81 -3.2896 9.42932
288.623 -3.28484 9.41225
288.435 -3.28009 9.39518
288.248 -3.27533 9.37811
288.061 -3.27058 9.36105
287.874 -3.26583 9.34398
287.688 -3.26107 9.32691
287.502 -3.25632 9.30984
287.316 -3.25157 9.29277
287.13 -3.24681 9.2757
286.945 -3.24206 9.25863
286.76 -3.23731 9.24156
286.575 -3.23255 9.22449
286.39 -3.2278 9.20742
286.205 -3.22304 9.19035
286.021 -3.21829 9.17329
285.837 -3.21354 9.15622
285.653 -3.20878 9.13915
285.47 -3.20403 9.12208
285.286 -3.19928 9.10501
285.103 -3.19452 9.08794
284.92 -3.18977 9.07087
284.738 -3.18501 9.0538
284.555 -3.18026 9.03673
284.373 -3.17551 9.01966
284.191 -3.17075 9.00259
284.009 -3.166 8.98553
283.828 -3.16125 8.96846
283.647 -3.15649 8.95139
283.466 -3.15174 8.93432
283.285 -3.14699 8.91725
283.104 -3.14223 8.90018
282.924 -3.13748 8.88311
282.744 -3.13272 8.86604
282.564 -3.12797 8.84897
282.385 -3.12322 8.8319
282.205 -3.11846 8.81483
282.026 -3.11371 8.79777
281.847 -3.10896 8.7807
281.668 -3.1042 8.76363
281.49 -3.09945 8.74656
281.312 -3.09469 8.72949
281.134 -3.08994 8.71242
280.956 -3.08519 8.69535
280.778 -3.08043 8.67828
280.601 -3.07568 8.66121
280.424 -3.07093 8.64414
280.247 -3.06617 8.62707
280.07 -3.06142 8.61001
279.894 -3.05667 8.59294
279.717 -3.05191 8.57587
279.541 -3.04716 8.5588
279.366 -3.0424 8.54173
279.19 -3.03765 8.52466
279.015 -3.0329 8.50759
278.84 -3.02814 8.49052
278.665 -3.02339 8.47345
278.49 -3.01864 8.45638
278.315 -3.01388 8.43931
278.141 -3.00913 8.42225
277.967 -3.00437 8.40518
277.793 -2.99962 8.38811
277.62 -2.99487 8.37104
277.446 -2.99011 8.35397
277.273 -2.98536 8.3369
277.1 -2.98061 8.31983
276.927 -2.97585 8.30276
276.755 -2.9711 8.28569
276.583 -2.96635 8.26862
276.41 -2.96159 8.25155
276.239 -2.95684 8.23449
276.067 -2.95208 8.21742
275.895 -2.94733 8.20035
275.724 -2.94258 8.18328
275.553 -2.93782 8.16621
275.382 -2.93307 8.14914
275.212 -2.92832 8.13207
275.041 -2.92356 8.115
274.871 -2.91881 8.09793
274.701 -2.91405 8.08086
274.531 -2.9093 8.06379
274.362 -2.90455 8.04673
274.193 -2.89979 8.02966
274.023 -2.89504 8.01259
273.854 -2.89029 7.99552
273.686 -2.88553 7.97845
273.517 -2.88078 7.96138
273.349 -2.87603 7.94431
273.181 -2.87127 7.92724
273.013 -2.86652 7.91017
272.845 -2.86176 7.8931
272.678 -2.85701 7.87603
272.51 -2.85226 7.85897
272.343 -2.8475 7.8419
272.177 -2.84275 7.82483
272.01 -2.838 7.80776
271.843 -2.83324 7.79069
271.677 -2.82849 7.77362
271.511 -2.82373 7.75655
271.345 -2.81898 7.73948
271.18 -2.81423 7.72241
271.014 -2.80947 7.70534
270.849 -2.80472 7.68827
270.684 -2.79997 7.67121
270.519 -2.79521 7.65414
270.354 -2.79046 7.63707
270.19 -2.78571 7.62
270.026 -2.78095 7.60293
269.862 -2.7762 7.58586
269.698 -2.77144 7.56879
269.534 -2.76669 7.55172
269.371 -2.76194 7.53465
269.208 -2.75718 7.51758
269.044 -2.75243 7.50051
268.882 -2.74768 7.48345
268.719 -2.74292 7.46638
268.557 -2.73817 7.44931
268.394 -2.73341 7.43224
268.232 -2.72866 7.41517
268.07 -2.72391 7.3981
267.909 -2.71915 7.38103
267.747 -2.7144 7.36396
267.586 -2.70965 7.34689
267.425 -2.70489 7.32982
267.264 -2.70014 7.31275
267.103 -2.69539 7.29569
266.943 -2.69063 7.27862
266.782 -2.68588 7.26155
266.622 -2.68112 7.24448
266.462 -2.67637 7.22741
266.303 -2.67162 7.21034
266.143 -2.66686 7.19327
265.984 -2.66211 7.1762
265.825 -2.65736 7.15913
265.666 -2.6526 7.14206
265.507 -2.64785 7.12499
265.348 -2.64309 7.10793
265.19 -2.63834 7.09086
265.032 -2.63359 7.07379
264.874 -2.62883 7.05672
264.716 -2.62408 7.03965
264.558 -2.61933 7.02258
264.401 -2.61457 7.00551
264.243 -2.60982 6.98844
264.086 -2.60507 6.97137
263.929 -2.60031 6.9543
263.773 -2.59556 6.93723
263.616 -2.5908 6.92017
263.46 -2.58605 6.9031
263.304 -2.5813 6.88603
263.148 -2.57654 6.86896
262.992 -2.57179 6.85189
262.836 -2.56704 6.83482
262.681 -2.56228 6.81775
262.526 -2.55753 6.80068
262.37 -2.55277 6.78361
262.216 -2.54802 6.76654
262.061 -2.54327 6.74947
261.906 -2.53851 6.73241
261.752 -2.53376 6.71534
261.598 -2.52901 6.69827
261.444 -2.52425 6.6812
261.29 -2.5195 6.66413
261.137 -2.51474 6.64706
260.983 -2.50999 6.62999
260.83 -2.50524 6.61292
260.677 -2.50048 6.59585
260.524 -2.49573 6.57878
260.371 -2.49098 6.56171
260.219 -2.48622 6.54465
260.066 -2.48147 6.52758
259.914 -2.47672 6.51051
259.762 -2.47196 6.49344
259.61 -2.46721 6.47637
259.459 -2.46245 6.4593
259.307 -2.4577 6.44223
259.156 -2.45295 6.42516
259.005 -2.44819 6.40809
258.854 -2.44344 6.39102
258.703 -2.43869 6.37395
258.553 -2.43393 6.35689
258.402 -2.42918 6.33982
258.252 -2.42442 6.32275
258.102 -2.41967 6.30568
257.952 -2.41492 6.28861
257.802 -2.41016 6.27154
257.653 -2.40541 6.25447
257.504 -2.40066 6.2374
257.354 -2.3959 6.22033
257.205 -2.39115 6.20326
257.057 -2.3864 6.18619
256.908 -2.38164 6.16913
256.759 -2.37689 6.15206
256.611 -2.37213 6.13499
256.463 -2.36738 6.11792
256.315 -2.36263 6.10085
256.167 -2.35787 6.08378
256.02 -2.35312 6.06671
255.872 -2.34837 6.04964
255.725 -2.34361 6.03257
255.578 -2.33886 6.0155
255.431 -2.3341 5.99843
255.284 -2.32935 5.98137
255.137 -2.3246 5.9643
254.991 -2.31984 5.94723
254.845 -2.31509 5.93016
254.698 -2.31034 5.91309
254.552 -2.30558 5.89602
254.407 -2.30083 5.87895
254.261 -2.29608 5.86188
254.116 -2.29132 5.84481
253.97 -2.28657 5.82774
253.825 -2.28181 5.81067
253.68 -2.27706 5.79361
253.535 -2.27231 5.77654
253.391 -2.26755 5.75947
253.246 -2.2628 5.7424
253.102 -2.25805 5.72533
252.958 -2.25329 5.70826
252.814 -2.24854 5.69119
252.67 -2.24378 5.67412
252.527 -2.23903 5.65705
252.383 -2.23428 5.63998
252.24 -2.22952 5.62291
252.097 -2.22477 5.60585
251.954 -2.22002 5.58878
251.811 -2.21526 5.57171
251.668 -2.21051 5.55464
251.526 -2.20576 5.53757
251.383 -2.201 5.5205
251.241 -2.19625 5.50343
251.099 -2.19149 5.48636
250.957 -2.18674 5.46929
250.816 -2.18199 5.45222
250.674 -2.17723 5.43516
250.533 -2.17248 5.41809
250.391 -2.16773 5.40102
250.25 -2.16297 5.38395
250.11 -2.15822 5.36688
249.969 -2.15346 5.34981
249.828 -2.14871 5.33274
249.688 -2.14396 5.31567
249.548 -2.1392 5.2986
249.407 -2.13445 5.28153
249.267 -2.1297 5.26446
249.128 -2.12494 5.2474
248.988 -2.12019 5.23033
248.849 -2.11544 5.21326
248.709 -2.11068 5.19619
248.57 -2.10593 5.17912
248.431 -2.10117 5.16205
248.292 -2.09642 5.14498
248.153 -2.09167 5.12791
248.015 -2.08691 5.11084
247.877 -2.08276 5.1072
247.738 -2.07868 5.10518
247.6 -2.0746 5.10315
247.462 -2.07051 5.10113
247.325 -2.06643 5.09911
247.187 -2.06235 5.09709
247.049 -2.05827 5.09507
246.912 -2.05419 5.09305
246.775 -2.05011 5.09103
246.638 -2.04603 5.089
246.501 -2.04194 5.08698
246.364 -2.03786 5.08496
246.228 -2.03378 5.08294
246.091 -2.0297 5.08092
245.955 -2.02562 5.0789
245.819 -2.02154 5.07688
245.683 -2.01745 5.07486
245.547 -2.01337 5.07283
245.412 -2.00929 5.07081
245.276 -2.00521 5.06879
245.141 -2.00113 5.06677
245.006 -1.99705 5.06475
244.871 -1.99297 5.06273
244.736 -1.98888 5.06071
244.601 -1.9848 5.05868
244.466 -1.98072 5.05666
244.332 -1.97664 5.05464
244.197 -1.97256 5.05262
244.063 -1.96848 5.0506
243.929 -1.96439 5.04858
243.795 -1.96031 5.04656
243.662 -1.95623 5.04453
243.528 -1.95215 5.04251
243.395 -1.94807 5.04049
243.261 -1.94399 5.03847
243.128 -1.93991 5.03645
242.995 -1.93582 5.03443
242.862 -1.93174 5.03241
242.73 -1.92766 5.03039
242.597 -1.92358 5.02836
242.465 -1.9195 5.02634
242.332 -1.91542 5.02432
242.2 -1.91133 5.0223
242.068 -1.90725 5.02028
241.937 -1.90317 5.01826
241.805 -1.89909 5.01624
241.673 -1.89501 5.01421
241.542 -1.89093 5.01219
241.411 -1.88685 5.01017
241.279 -1.88276 5.00815
241.148 -1.87868 5.00613
241.018 -1.8746 5.00411
240.887 -1.87052 5.00209
240.756 -1.86644 5.00006
240.626 -1.86236 4.99804
240.496 -1.85827 4.99602
240.366 -1.85419 4.994
240.236 -1.85011 4.99198
240.106 -1.84603 4.98996
239.976 -1.84195 4.98794
239.846 -1.83787 4.98592
239.717 -1.83378 4.98389
239.588 -1.8297 4.98187
239.459 -1.82562 4.97985
239.33 -1.82154 4.97783
239.201 -1.81746 4.97581
239.072 -1.81338 4.97379
238.943 -1.8093 4.97177
238.815 -1.80521 4.96974
238.687 -1.80113 4.96772
238.558 -1.79705 4.9657
238.43 -1.79297 4.96368
238.302 -1.78991 4.96112
238.175 -1.78717 4.95839
238.047 -1.78443 4.95567
237.92 -1.78169 4.95294
237.792 -1.77895 4.95021
237.665 -1.77621 4.94748
237.538 -1.77347 4.94475
237.411 -1.77073 4.94203
237.284 -1.76799 4.9393
237.157 -1.76525 4.93657
237.031 -1.76251 4.93384
236.905 -1.75977 4.93112
236.778 -1.75703 4.92839
236.652 -1.75429 4.92566
236.526 -1.75155 4.92293
236.4 -1.74881 4.92021
236.275 -1.74607 4.91748
236.149 -1.74333 4.91475
236.023 -1.74059 4.91202
235.898 -1.73785 4.9093
235.773 -1.73511 4.90657
235.648 -1.73237 4.90384
235.523 -1.72963 4.90111
235.398 -1.72689 4.89839
235.273 -1.72415 4.89566
235.149 -1.72141 4.89293
235.024 -1.71866 4.8902
234.9 -1.71592 4.88747
234.776 -1.71318 4.88475
234.652 -1.71044 4.88202
234.528 -1.7077 4.87929
234.404 -1.70496 4.87656
234.281 -1.70222 4.87384
234.157 -1.69948 4.87111
234.034 -1.69674 4.86838
233.911 -1.694 4.86565
233.788 -1.69126 4.86293
233.665 -1.68852 4.8602
233.542 -1.68578 4.85747
233.419 -1.68304 4.85474
233.296 -1.6803 4.85202
233.174 -1.67756 4.84929
233.052 -1.67482 4.84656
232.929 -1.67208 4.84383
232.807 -1.66934 4.8411
232.685 -1.6666 4.83838
232.564 -1.66386 4.83565
232.442 -1.66112 4.83292
232.32 -1.65838 4.83019
232.199 -1.65564 4.82747
232.078 -1.6529 4.82474
231.956 -1.65016 4.82201
231.835 -1.64742 4.81928
231.714 -1.64468 4.81656
231.594 -1.64194 4.81383
231.473 -1.6392 4.8111
231.352 -1.63646 4.80837
231.232 -1.63372 4.80565
231.112 -1.63098 4.80292
230.991 -1.62824 4.80019
230.871 -1.6255 4.79746
230.752 -1.62276 4.79474
230.632 -1.62002 4.79201
230.512 -1.61728 4.78928
230.392 -1.61454 4.78655
230.273 -1.6118 4.78382
230.154 -1.60906 4.7811
230.035 -1.60632 4.77837
229.916 -1.60358 4.77564
229.797 -1.60084 4.77291
229.678 -1.5981 4.77019
229.559 -1.59548 4.76807
229.441 -1.5931 4.7671
229.322 -1.59073 4.76614
229.204 -1.58835 4.76517
229.086 -1.58597 4.7642
228.967 -1.5836 4.76324
228.85 -1.58122 4.76227
228.732 -1.57884 4.76131
228.614 -1.57647 4.76034
228.496 -1.57409 4.75938
228.379 -1.57171 4.75841
228.262 -1.56934 4.75744
228.144 -1.56696 4.75648
228.027 -1.56458 4.75551
227.91 -1.56221 4.75455
227.793 -1.55983 4.75358
227.677 -1.55746 4.75262
227.56 -1.55508 4.75165
227.443 -1.5527 4.75068
227.327 -1.55033 4.74972
227.211 -1.54795 4.74875
227.095 -1.54557 4.74779
226.979 -1.5432 4.74682
226.863 -1.54082 4.74586
226.747 -1.53844 4.74489
226.631 -1.53607 4.74392
226.516 -1.53369 4.74296
226.4 -1.53131 4.74199
226.285 -1.52894 4.74103
226.17 -1.52656 4.74006
226.055 -1.52418 4.7391
225.94 -1.52181 4.73813
225.825 -1.51943 4.73716
225.71 -1.51705 4.7362
225.595 -1.51468 4.73523
225.481 -1.5123 4.73427
225.366 -1.50992 4.7333
225.252 -1.50755 4.73234
225.138 -1.50517 4.73137
225.024 -1.50279 4.7304
224.91 -1.50042 4.72944
224.796 -1.49804 4.72847
224.683 -1.49566 4.72751
224.569 -1.49329 4.72654
224.455 -1.49091 4.72558
224.342 -1.48853 4.72461
224.229 -1.48616 4.72364
224.116 -1.48378 4.72268
224.003 -1.48141 4.72171
223.89 -1.47903 4.72075
223.777 -1.47665 4.71978
223.664 -1.47428 4.71882
223.552 -1.4719 4.71785
223.439 -1.46952 4.71688
223.327 -1.46715 4.71592
223.215 -1.46477 4.71495
223.103 -1.46239 4.71399
222.991 -1.46002 4.71302
222.879 -1.45764 4.71206
222.767 -1.45526 4.71109
222.655 -1.45289 4.71013
222.544 -1.45051 4.70916
222.432 -1.44813 4.70819
222.321 -1.44576 4.70723
222.21 -1.44338 4.70626
222.099 -1.441 4.7053
221.988 -1.43863 4.70433
221.877 -1.43625 4.70337
221.766 -1.43387 4.7024
221.656 -1.4315 4.70143
221.545 -1.42912 4.70047
221.435 -1.42674 4.6995
221.324 -1.42498 4.69844
221.214 -1.4235 4.69733
221.104 -1.42201 4.69622
220.994 -1.42053 4.69511
220.884 -1.41904 4.694
220.774 -1.41756 4.69288
220.665 -1.41607 4.69177
220.555 -1.41459 4.69066
220.446 -1.4131 4.68955
220.336 -1.41162 4.68844
220.227 -1.41013 4.68733
220.118 -1.40865 4.68622
220.009 -1.40716 4.68511
219.9 -1.40568 4.684
219.791 -1.40419 4.68289
219.682 -1.40271 4.68178
219.574 -1.40122 4.68067
219.465 -1.39974 4.67956
219.357 -1.39825 4.67845
219.249 -1.39677 4.67734
219.141 -1.39528 4.67623
219.033 -1.3938 4.67512
218.925 -1.39231 4.67401
218.817 -1.39083 4.6729
218.709 -1.38934 4.67179
218.601 -1.38786 4.67068
218.494 -1.38638 4.66957
218.386 -1.38489 4.66846
218.279 -1.38341 4.66734
218.172 -1.38192 4.66623
218.065 -1.38044 4.66512
217.958 -1.37895 4.66401
217.851 -1.37747 4.6629
217.744 -1.37598 4.66179
217.637 -1.3745 4.66068
217.531 -1.37301 4.65957
217.424 -1.37153 4.65846
217.318 -1.37004 4.65735
217.212 -1.36856 4.65624
217.106 -1.36707 4.65513
217 -1.36559 4.65402
216.894 -1.3641 4.65291
216.788 -1.36262 4.6518
216.682 -1.36113 4.65069
216.576 -1.35965 4.64958
216.471 -1.35816 4.64847
216.365 -1.35668 4.64736
216.26 -1.35519 4.64625
216.155 -1.35371 4.64514
216.05 -1.35222 4.64403
215.945 -1.35074 4.64292
215.84 -1.34926 4.6418
215.735 -1.34777 4.64069
215.63 -1.34629 4.63958
215.526 -1.3448 4.63847
215.421 -1.34332 4.63736
215.317 -1.34183 4.63625
215.212 -1.34035 4.63514
215.108 -1.33886 4.63403
215.004 -1.33738 4.63292
214.9 -1.33589 4.63181
214.796 -1.33441 4.6307
214.692 -1.33292 4.62959
214.589 -1.33144 4.62848
214.485 -1.32995 4.62737
214.382 -1.32847 4.62626
214.278 -1.32698 4.62515
214.175 -1.3255 4.62404
214.072 -1.32401 4.62293
213.968 -1.32253 4.62182
213.865 -1.32104 4.62071
213.763 -1.32001 4.61939
213.66 -1.31978 4.6177
213.557 -1.31954 4.61602
213.454 -1.3193 4.61433
213.352 -1.31906 4.61265
213.249 -1.31883 4.61096
213.147 -1.31859 4.60928
213.045 -1.31835 4.60759
212.943 -1.31811 4.60591
212.841 -1.31788 4.60422
212.739 -1.31764 4.60254
212.637 -1.3174 4.60085
212.535 -1.31716 4.59917
212.434 -1.31693 4.59748
212.332 -1.31669 4.5958
212.231 -1.31645 4.59411
212.129 -1.31621 4.59243
212.028 -1.31598 4.59074
211.927 -1.31574 4.58906
211.826 -1.3155 4.58737
211.725 -1.31526 4.58569
211.624 -1.31503 4.584
211.523 -1.31479 4.58232
211.423 -1.31455 4.58063
211.322 -1.31431 4.57895
211.222 -1.31408 4.57726
211.121 -1.31384 4.57558
211.021 -1.3136 4.5739
210.921 -1.31336 4.57221
210.821 -1.31312 4.57053
210.721 -1.31289 4.56884
210.621 -1.31265 4.56716
210.521 -1.31241 4.56547
210.421 -1.31217 4.56379
210.321 -1.31194 4.5621
210.222 -1.3117 4.56042
210.122 -1.31146 4.55873
210.023 -1.31122 4.55705
209.924 -1.31099 4.55536
209.825 -1.31075 4.55368
209.726 -1.31051 4.55199
209.627 -1.31027 4.55031
209.528 -1.31004 4.54862
209.429 -1.3098 4.54694
209.33 -1.30956 4.54525
209.232 -1.30932 4.54357
209.133 -1.30909 4.54188
209.035 -1.30885 4.5402
208.937 -1.30861 4.53851
208.838 -1.30837 4.53683
208.74 -1.30814 4.53514
208.642 -1.3079 4.53346
208.544 -1.30766 4.53177
208.446 -1.30742 4.53009
208.349 -1.30719 4.5284
208.251 -1.30695 4.52672
208.153 -1.30671 4.52503
208.056 -1.30647 4.52335
207.958 -1.30624 4.52166
207.861 -1.306 4.51998
207.764 -1.30576 4.51829
207.667 -1.30552 4.51661
207.57 -1.30529 4.51492
207.473 -1.30505 4.51324
207.376 -1.30481 4.51156
207.279 -1.30457 4.50987
207.183 -1.30434 4.50819
207.086 -1.3041 4.5065
206.989 -1.30386 4.50482
206.893 -1.30362 4.50313
206.797 -1.30339 4.50145
206.7 -1.30315 4.49976
206.604 -1.30291 4.49808
206.508 -1.30267 4.49638
206.412 -1.30243 4.49468
206.316 -1.30218 4.49299
206.221 -1.30194 4.49129
206.125 -1.3017 4.48959
206.029 -1.30146 4.4879
205.934 -1.30121 4.4862
205.838 -1.30097 4.4845
205.743 -1.30073 4.48281
205.648 -1.30049 4.48111
205.553 -1.30024 4.47941
205.458 -1.3 4.47771
205.363 -1.29976 4.47602
205.268 -1.29952 4.47432
205.173 -1.29927 4.47262
205.078 -1.29903 4.47093
204.984 -1.29879 4.46923
204.889 -1.29855 4.46753
204.795 -1.29831 4.46584
204.7 -1.29806 4.46414
204.606 -1.29782 4.46244
204.512 -1.29758 4.46075
204.418 -1.29734 4.45905
204.324 -1.29709 4.45735
204.23 -1.29685 4.45566
204.136 -1.29661 4.45396
204.042 -1.29637 4.45226
203.948 -1.29612 4.45057
203.855 -1.29588 4.44887
203.761 -1.29564 4.44717
203.668 -1.2954 4.44547
203.575 -1.29515 4.44378
203.481 -1.29491 4.44208
203.388 -1.29467 4.44038
203.295 -1.29443 4.43869
203.202 -1.29418 4.43699
203.109 -1.29394 4.43529
203.016 -1.2937 4.4336
202.924 -1.29346 4.4319
202.831 -1.29321 4.4302
202.738 -1.29297 4.42851
202.646 -1.29273 4.42681
202.553 -1.29249 4.42511
202.461 -1.29225 4.42342
202.369 -1.292 4.42172
202.277 -1.29176 4.42002
202.185 -1.29152 4.41833
202.093 -1.29128 4.41663
202.001 -1.29103 4.41493
201.909 -1.29079 4.41323
201.817 -1.29055 4.41154
201.726 -1.29031 4.40984
201.634 -1.29006 4.40814
201.543 -1.28982 4.40645
201.451 -1.28958 4.40475
201.36 -1.28934 4.40305
201.269 -1.28909 4.40136
201.178 -1.28885 4.39966
201.086 -1.28861 4.39796
200.995 -1.28837 4.39627
200.905 -1.28812 4.39457
200.814 -1.28788 4.39287
200.723 -1.28764 4.39118
200.632 -1.2874 4.38948
200.542 -1.28715 4.38778
200.451 -1.28691 4.38608
200.361 -1.28667 4.38439
200.271 -1.28643 4.38269
200.18 -1.28618 4.38099
200.09 -1.28594 4.3793
200 -1.2857 4.3776
