#  Energy (ev)    Absorption NP      Absorption MG
  9.5239900000e-01  1.0470632143e+30  3.5089852731e+28
  9.5811339400e-01  8.1683969710e+29  3.1087310563e+28
  9.6382778800e-01  6.2323751464e+29  2.4809538666e+28
  9.6954218200e-01  5.0482168623e+29  1.7320391079e+28
  9.7525657600e-01  4.8933101142e+29  9.9576434651e+27
  9.8097097000e-01  5.8835152162e+29  4.1147831784e+27
  9.8668536400e-01  7.9448759897e+29  1.0009193338e+27
  9.9239975800e-01  1.0816474461e+30  1.4195569245e+27
  9.9811415200e-01  1.4085554572e+30  5.6059218049e+27
  1.0038285460e+00  1.7250543859e+30  1.3154470195e+28
  1.0095429400e+00  1.9802574771e+30  2.3054196205e+28
  1.0152573340e+00  2.1312440160e+30  3.3831491412e+28
  1.0209717280e+00  2.1508312616e+30  4.3781524671e+28
  1.0266861220e+00  2.0330396739e+30  5.1252629115e+28
  1.0324005160e+00  1.7951947122e+30  5.4937007796e+28
  1.0381149100e+00  1.4761333647e+30  5.4117434987e+28
  1.0438293040e+00  1.1306265960e+30  4.8824574979e+28
  1.0495436980e+00  8.2078527487e+29  3.9872661448e+28
  1.0552580920e+00  6.0577449769e+29  2.8760727775e+28
  1.0609724860e+00  5.3151859402e+29  1.7449301028e+28
  1.0666868800e+00  6.2216494889e+29  8.0446861642e+27
  1.0724012740e+00  8.7486073702e+29  2.4407770868e+27
  1.0781156680e+00  1.2589046424e+30  1.9784031105e+27
  1.0838300620e+00  1.7196364806e+30  7.1823895172e+27
  1.0895444560e+00  2.1866313885e+30  1.7626224141e+28
  1.0952588500e+00  2.5850040977e+30  3.1954712885e+28
  1.1009732440e+00  2.8480354372e+30  4.8069178656e+28
  1.1066876380e+00  2.9290179643e+30  6.3451764440e+28
  1.1124020320e+00  2.8102483950e+30  7.5579990781e+28
  1.1181164260e+00  2.5074829855e+30  8.2364440094e+28
  1.1238308200e+00  2.0688689322e+30  8.2534844925e+28
  1.1295452140e+00  1.5682654582e+30  7.5904826288e+28
  1.1352596080e+00  1.0938276571e+30  6.3462862197e+28
  1.1409740020e+00  7.3358230812e+29  4.7264410866e+28
  1.1466883960e+00  5.6032558503e+29  3.0133254030e+28
  1.1524027900e+00  6.1840220136e+29  1.5213624442e+28
  1.1581171840e+00  9.1472660890e+29  5.4427517647e+27
  1.1638315780e+00  1.4157928132e+30  3.0309544810e+27
  1.1695459720e+00  2.0514756124e+30  9.0397355762e+27
  1.1752603660e+00  2.7252988099e+30  2.3136184394e+28
  1.1809747600e+00  3.3297199821e+30  4.3575634508e+28
  1.1866891540e+00  3.7640501795e+30  6.7427789676e+28
  1.1924035480e+00  3.9520598173e+30  9.1020214545e+28
  1.1981179420e+00  3.8562339000e+30  1.1053409678e+29
  1.2038323360e+00  3.4860687918e+30  1.2265738563e+29
  1.2095467300e+00  2.8987001717e+30  1.2518543317e+29
  1.2152611240e+00  2.1913860024e+30  1.1746247834e+29
  1.2209755180e+00  1.4867435606e+30  1.0057912530e+29
  1.2266899120e+00  9.1292650738e+29  7.7278592476e+28
  1.2324043060e+00  5.8190143439e+29  5.1572287138e+28
  1.2381187000e+00  5.6946119915e+29  2.8115484588e+28
  1.2438330940e+00  9.0048884410e+29  1.1438025226e+28
  1.2495474880e+00  1.5422533591e+30  5.1550523717e+27
  1.2552618820e+00  2.4072735058e+30  1.1292963846e+28
  1.2609762760e+00  3.3657174678e+30  2.9853132114e+28
  1.2666906700e+00  4.2656678673e+30  5.8701526482e+28
  1.2724050640e+00  4.9581514596e+30  9.3820917100e+28
  1.2781194580e+00  5.3228659807e+30  1.2990180971e+29
  1.2838338520e+00  5.2902213169e+30  1.6118859052e+29
  1.2895482460e+00  4.8557338009e+30  1.8244886987e+29
  1.2952626400e+00  4.0839341078e+30  1.8990564322e+29
  1.3009770340e+00  3.1006121940e+30  1.8196959676e+29
  1.3066914280e+00  2.0741677785e+30  1.5963446457e+29
  1.3124058220e+00  1.1887419657e+30  1.2644889307e+29
  1.3181202160e+00  6.1334577732e+29  8.8046441202e+28
  1.3238346100e+00  4.7209270315e+29  5.1290375201e+28
  1.3295490040e+00  8.2070060638e+29  2.3159285361e+28
  1.3352633980e+00  1.6336030877e+30  9.5510394236e+27
  1.3409777920e+00  2.8044003767e+30  1.4206382599e+28
  1.3466921860e+00  4.1602229582e+30  3.7944010675e+28
  1.3524065800e+00  5.4882207170e+30  7.8355995818e+28
  1.3581209740e+00  6.5702212500e+30  1.3004157738e+29
  1.3638353680e+00  7.2200044684e+30  1.8536916970e+29
  1.3695497620e+00  7.3169184993e+30  2.3566515314e+29
  1.3752641560e+00  6.8298809334e+30  2.7264907841e+29
  1.3809785500e+00  5.8271661724e+30  2.8988253201e+29
  1.3866929440e+00  4.4695925472e+30  2.8398352303e+29
  1.3924073380e+00  2.9874549329e+30  2.5538453814e+29
  1.3981217320e+00  1.6443570944e+30  2.0847818825e+29
  1.4038361260e+00  6.9350527386e+29  1.5109057415e+29
  1.4095505200e+00  3.3359786764e+29  9.3334371259e+28
  1.4152649140e+00  6.7187402755e+29  4.6002916119e+28
  1.4209793080e+00  1.7010358391e+30  1.8754440471e+28
  1.4266937020e+00  3.2947155462e+30  1.8385818043e+28
  1.4324080960e+00  5.2232109985e+30  4.7497057190e+28
  1.4381224900e+00  7.1878185775e+30  1.0379823023e+29
  1.4438368840e+00  8.8688123725e+30  1.8021511397e+29
  1.4495512780e+00  9.9795193696e+30  2.6582219571e+29
  1.4552656720e+00  1.0317503254e+31  3.4749180831e+29
  1.4609800660e+00  9.8039002255e+30  4.1201915408e+29
  1.4666944600e+00  8.5035195790e+30  4.4838748618e+29
  1.4724088540e+00  6.6212406650e+30  4.4979395414e+29
  1.4781232480e+00  4.4740764575e+30  4.1507505048e+29
  1.4838376420e+00  2.4424227656e+30  3.4925170448e+29
  1.4895520360e+00  9.0777663796e+29  2.6304771843e+29
  1.4952664300e+00  1.8692243402e+29  1.7140177089e+29
  1.5009808240e+00  4.7372841586e+29  9.1166229386e+28
  1.5066952180e+00  1.7989905367e+30  3.8336481444e+28
  1.5124096120e+00  4.0162247956e+30  2.5255484376e+28
  1.5181240060e+00  6.8172804139e+30  5.8269632655e+28
  1.5238384000e+00  9.7767319367e+30  1.3626433186e+29
  1.5295527940e+00  1.2419002251e+31  2.5038417848e+29
  1.5352671880e+00  1.4297922578e+31  3.8505973846e+29
  1.5409815820e+00  1.5075718783e+31  5.2024800323e+29
  1.5466959760e+00  1.4587776245e+31  6.3458116083e+29
  1.5524103700e+00  1.2881203848e+31  7.0894450767e+29
  1.5581247640e+00  1.0219036222e+31  7.2990097392e+29
  1.5638391580e+00  7.0473512055e+30  6.9236871773e+29
  1.5695535520e+00  3.9287991182e+30  6.0104719098e+29
  1.5752679460e+00  1.4520230665e+30  4.7026722282e+29
  1.5809823400e+00  1.3115813222e+29  3.2218730957e+29
  1.5866967340e+00  3.1215203487e+29  1.8353398921e+29
  1.5924111280e+00  2.1024864769e+30  8.1344217246e+28
  1.5981255220e+00  5.3378627074e+30  3.8367159221e+28
  1.6038399160e+00  9.5938905748e+30  6.8884219974e+28
  1.6095543100e+00  1.4243578969e+31  1.7568598040e+29
  1.6152687040e+00  1.8553598637e+31  3.4879846621e+29
  1.6209830980e+00  2.1805175957e+31  5.6629516464e+29
  1.6266974920e+00  2.3420336755e+31  7.9720124688e+29
  1.6324118860e+00  2.3072053695e+31  1.0061430962e+30
  1.6381262800e+00  2.0758217394e+31  1.1590772791e+30
  1.6438406740e+00  1.6824244143e+31  1.2292043881e+30
  1.6495550680e+00  1.1926946842e+31  1.2020792136e+30
  1.6552694620e+00  6.9418913657e+30  1.0789944135e+30
  1.6609838560e+00  2.8263228086e+30  8.7794021652e+29
  1.6666982500e+00  4.5821519623e+29  6.3180104938e+29
  1.6724126440e+00  4.7754030054e+29  3.8389068189e+29
  1.6781270380e+00  3.1573243557e+30  1.8138270440e+29
  1.6838414320e+00  8.3289339321e+30  6.7587953365e+28
  1.6895558260e+00  1.5378512216e+31  7.4294765843e+28
  1.6952702200e+00  2.3320537503e+31  2.1546830243e+29
  1.7009846140e+00  3.0941704683e+31  4.8347497071e+29
  1.7066990080e+00  3.6995765620e+31  8.4866351461e+29
  1.7124134020e+00  4.0419743863e+31  1.2626361361e+30
  1.7181277960e+00  4.0535962346e+31  1.6649515706e+30
  1.7238421900e+00  3.7203917588e+31  1.9924083260e+30
  1.7295565840e+00  3.0891694410e+31  2.1895583268e+30
  1.7352709780e+00  2.2647860412e+31  2.2187884684e+30
  1.7409853720e+00  1.3970161145e+31  2.0682458057e+30
  1.7466997660e+00  6.5846082731e+30  1.7561007881e+30
  1.7524141600e+00  2.1649793132e+30  1.3301279500e+30
  1.7581285540e+00  2.0355192869e+30  8.6227604736e+29
  1.7638429480e+00  6.9063226279e+30  4.3870273478e+29
  1.7695573420e+00  1.6689855314e+31  1.4653997841e+29
  1.7752717360e+00  3.0437863280e+31  5.9305387799e+28
  1.7809861300e+00  4.6421315687e+31  2.2326427398e+29
  1.7867005240e+00  6.2354134719e+31  6.4709289580e+29
  1.7924149180e+00  7.5737387886e+31  1.2968591978e+30
  1.7981293120e+00  8.4278103414e+31  2.0976457328e+30
  1.8038437060e+00  8.6319722896e+31  2.9421719167e+30
  1.8095581000e+00  8.1212706092e+31  3.7056615636e+30
  1.8152724940e+00  6.9556135737e+31  4.2651128406e+30
  1.8209868880e+00  5.3254994091e+31  4.5202375492e+30
  1.8267012820e+00  3.5362002377e+31  4.4128043902e+30
  1.8324156760e+00  1.9704706822e+31  3.9410628391e+30
  1.8381300700e+00  1.0333606925e+31  3.1663919594e+30
  1.8438444640e+00  1.0860405371e+31  2.2102855021e+30
  1.8495588580e+00  2.3781586510e+31  1.2411445204e+30
  1.8552732520e+00  4.9896786351e+31  4.5192502481e+29
  1.8609876460e+00  8.7930457982e+31  3.1255961538e+28
  1.8667020400e+00  1.3444779824e+32  1.3195908188e+29
  1.8724164340e+00  1.8412275736e+32  8.4174165228e+29
  1.8781308280e+00  2.3037054996e+32  2.1610229830e+30
  1.8838452220e+00  2.6630483641e+32  3.9923070660e+30
  1.8895596160e+00  2.8592749708e+32  6.1442398049e+30
  1.8952740100e+00  2.8541408669e+32  8.3516129481e+30
  1.9009884040e+00  2.6432758378e+32  1.0310319702e+31
  1.9067027980e+00  2.2658242620e+32  1.1723925186e+31
  1.9124171920e+00  1.8099319992e+32  1.2356421144e+31
  1.9181315860e+00  1.4127795902e+32  1.2084212623e+31
  1.9238459800e+00  1.2544210177e+32  1.0939702439e+31
  1.9295603740e+00  1.5453919236e+32  9.1391667565e+30
  1.9352747680e+00  2.5088198479e+32  7.0889919037e+30
  1.9409891620e+00  4.3585072827e+32  5.3666649388e+30
  1.9467035560e+00  7.2750702963e+32  4.6759356281e+30
  1.9524179500e+00  1.1382616588e+33  5.7789385733e+30
  1.9581323440e+00  1.6728575344e+33  9.4113524598e+30
  1.9638467380e+00  2.3269117275e+33  1.6189432833e+31
  1.9695611320e+00  3.0862133778e+33  2.6519582222e+31
  1.9752755260e+00  3.9269023398e+33  4.0521713612e+31
  1.9809899200e+00  4.8165638765e+33  5.7976863534e+31
  1.9867043140e+00  5.7161778454e+33  7.8307337672e+31
  1.9924187080e+00  6.5827678083e+33  1.0059432478e+32
  1.9981331020e+00  7.3725173109e+33  1.2363375673e+32
  2.0038474960e+00  8.0440665833e+33  1.4602670897e+32
  2.0095618900e+00  8.5616796383e+33  1.6629637616e+32
  2.0152762840e+00  8.8979820987e+33  1.8302016370e+32
  2.0209906780e+00  9.0360129285e+33  1.9496317495e+32
  2.0267050720e+00  8.9704035882e+33  2.0119866854e+32
  2.0324194660e+00  8.7075877463e+33  2.0120205066e+32
  2.0381338600e+00  8.2650431276e+33  1.9490757856e+32
  2.0438482540e+00  7.6696630818e+33  1.8272090690e+32
  2.0495626480e+00  6.9554382385e+33  1.6548545260e+32
  2.0552770420e+00  6.1606892778e+33  1.4440571293e+32
  2.0609914360e+00  5.3251243634e+33  1.2093552293e+32
  2.0667058300e+00  4.4869967043e+33  9.6643189436e+31
  2.0724202240e+00  3.6806102910e+33  7.3068004198e+31
  2.0781346180e+00  2.9343697917e+33  5.1583503015e+31
  2.0838490120e+00  2.2695012714e+33  3.3281895767e+31
  2.0895634060e+00  1.6994928459e+33  1.8891466039e+31
  2.0952778000e+00  1.2302280540e+33  8.7347591509e+30
  2.1009921940e+00  8.6071828204e+32  2.7305431725e+30
  2.1067065880e+00  5.8429085582e+32  4.3744061290e+29
  2.1124209820e+00  3.9006065484e+32  1.1324159590e+30
  2.1181353760e+00  2.6450663420e+32  3.9135373668e+30
  2.1238497700e+00  1.9298886489e+32  7.8140522858e+30
  2.1295641640e+00  1.6107260508e+32  1.1914085278e+31
  2.1352785580e+00  1.5556774431e+32  1.5437225866e+31
  2.1409929520e+00  1.6523818496e+32  1.7821752439e+31
  2.1467073460e+00  1.8117996379e+32  1.8759872869e+31
  2.1524217400e+00  1.9690381198e+32  1.8202652801e+31
  2.1581361340e+00  2.0818370665e+32  1.6332678515e+31
  2.1638505280e+00  2.1274608397e+32  1.3510399621e+31
  2.1695649220e+00  2.0987509948e+32  1.0203036011e+31
  2.1752793160e+00  1.9999971895e+32  6.9065743384e+30
  2.1809937100e+00  1.8431182285e+32  4.0715664630e+30
  2.1867081040e+00  1.6444480649e+32  2.0422188155e+30
  2.1924224980e+00  1.4222314872e+32  1.0158567745e+30
  2.1981368920e+00  1.1947819003e+32  1.0266400414e+30
  2.2038512860e+00  9.7915856660e+31  1.9538641751e+30
  2.2095656800e+00  7.9018904636e+31  3.5518053491e+30
  2.2152800740e+00  6.3968758598e+31  5.4953016987e+30
  2.2209944680e+00  5.3578480500e+31  7.4334627432e+30
  2.2267088620e+00  4.8236513331e+31  9.0432575115e+30
  2.2324232560e+00  4.7868193617e+31  1.0075281305e+31
  2.2381376500e+00  5.1926582414e+31  1.0385602309e+31
  2.2438520440e+00  5.9424661188e+31  9.9499630577e+30
  2.2495664380e+00  6.9017093131e+31  8.8593825203e+30
  2.2552808320e+00  7.9132284245e+31  7.2989576474e+30
  2.2609952260e+00  8.8145948015e+31  5.5140055109e+30
  2.2667096200e+00  9.4577845650e+31  3.7693023038e+30
  2.2724240140e+00  9.7285990533e+31  2.3078660759e+30
  2.2781384080e+00  9.5629175327e+31  1.3154413067e+30
  2.2838528020e+00  8.9570296647e+31  8.9566498704e+29
  2.2895671960e+00  7.9699764704e+31  1.0590411732e+30
  2.2952815900e+00  6.7169443079e+31  1.7266284660e+30
  2.3009959840e+00  5.3541343475e+31  2.7470979799e+30
  2.3067103780e+00  4.0569399714e+31  3.9238820876e+30
  2.3124247720e+00  2.9944586143e+31  5.0477803576e+30
  2.3181391660e+00  2.3041218946e+31  5.9297941846e+30
  2.3238535600e+00  2.0703949675e+31  6.4291807834e+30
  2.3295679540e+00  2.3110163310e+31  6.4726817368e+30
  2.3352823480e+00  2.9731761829e+31  6.0624136365e+30
  2.3409967420e+00  3.9405221998e+31  5.2717529704e+30
  2.3467111360e+00  5.0501733308e+31  4.2304120535e+30
  2.3524255300e+00  6.1172930982e+31  3.1015039000e+30
  2.3581399240e+00  6.9634969442e+31  2.0544990078e+30
  2.3638543180e+00  7.4446645359e+31  1.2384379822e+30
  2.3695687120e+00  7.4737284508e+31  7.5953633475e+29
  2.3752831060e+00  7.0347317672e+31  6.6646390620e+29
  2.3809975000e+00  6.1857857487e+31  9.4525673962e+29
  2.3867118940e+00  5.0503075058e+31  1.5242457040e+30
  2.3924262880e+00  3.7977969254e+31  2.2878155416e+30
  2.3981406820e+00  2.6171164781e+31  3.0964824704e+30
  2.4038550760e+00  1.6864848517e+31  3.8098937038e+30
  2.4095694700e+00  1.1449748480e+31  4.3090289782e+30
  2.4152838640e+00  1.0701137222e+31  4.5141520710e+30
  2.4209982580e+00  1.4652418169e+31  4.3958564644e+30
  2.4267126520e+00  2.2587382226e+31  3.9777311095e+30
  2.4324270460e+00  3.3153166114e+31  3.3305419548e+30
  2.4381414400e+00  4.4576382709e+31  2.5591622311e+30
  2.4438558340e+00  5.4948020770e+31  1.7845814738e+30
  2.4495702280e+00  6.2531310510e+31  1.1240163218e+30
  2.4552846220e+00  6.6042733204e+31  6.7234006455e+29
  2.4609990160e+00  6.4860433317e+31  4.8772872185e+29
  2.4667134100e+00  5.9125863068e+31  5.8365598411e+29
  2.4724278040e+00  4.9721710738e+31  9.2829241024e+29
  2.4781421980e+00  3.8129253517e+31  1.4511554659e+30
  2.4838565920e+00  2.6187961370e+31  2.0557111262e+30
  2.4895709860e+00  1.5796233356e+31  2.6357239250e+30
  2.4952853800e+00  8.6019205597e+30  3.0926260549e+30
  2.5009997740e+00  5.7331447645e+30  3.3510993504e+30
  2.5067141680e+00  7.6135142639e+30  3.3704355117e+30
  2.5124285620e+00  1.3892178374e+31  3.1499876333e+30
  2.5181429560e+00  2.3500457459e+31  2.7280203170e+30
  2.5238573500e+00  3.4826083194e+31  2.1743412526e+30
  2.5295717440e+00  4.5976774961e+31  1.5780806707e+30
  2.5352861380e+00  5.5090140373e+31  1.0327224207e+30
  2.5410005320e+00  6.0639161210e+31  6.2087083075e+29
  2.5467149260e+00  6.1683108354e+31  4.0120999593e+29
  2.5524293200e+00  5.8022556724e+31  3.9969207181e+29
  2.5581437140e+00  5.0232822394e+31  6.0625611365e+29
  2.5638581080e+00  3.9570068496e+31  9.7745485069e+29
  2.5695725020e+00  2.7765259571e+31  1.4444063979e+30
  2.5752868960e+00  1.6739642166e+31  1.9246461083e+30
  2.5810012900e+00  8.2884372502e+30  2.3358625592e+30
  2.5867156840e+00  3.7847851679e+30  2.6092496777e+30
  2.5924300780e+00  3.9527780326e+30  2.7003263527e+30
  2.5981444720e+00  8.7471477632e+30  2.5955373327e+30
  2.6038588660e+00  1.7359682212e+31  2.3136721505e+30
  2.6095732600e+00  2.8351583353e+31  1.9019996953e+30
  2.6152876540e+00  3.9890192018e+31  1.4278729998e+30
  2.6210020480e+00  5.0051215761e+31  9.6727380530e+29
  2.6267164420e+00  5.7136676548e+31  5.9222745743e+29
  2.6324308360e+00  5.9956067763e+31  3.5915702340e+29
  2.6381452300e+00  5.8024152711e+31  3.0004607353e+29
  2.6438596240e+00  5.1642495396e+31  4.1778199888e+29
  2.6495740180e+00  4.1850955594e+31  6.8634296778e+29
  2.6552884120e+00  3.0256856489e+31  1.0556908334e+30
  2.6610028060e+00  1.8769799152e+31  1.4604710384e+30
  2.6667172000e+00  9.2857963166e+30  1.8310212533e+30
  2.6724315940e+00  3.3729146823e+30  2.1048468672e+30
  2.6781459880e+00  2.0105159446e+30  2.2366839823e+30
  2.6838603820e+00  5.4254592364e+30  2.2055391341e+30
  2.6895747760e+00  1.3052687600e+31  2.0176198800e+30
  2.6952891700e+00  2.3627084710e+31  1.7047613990e+30
  2.7010035640e+00  3.5391742665e+31  1.3186958732e+30
  2.7067179580e+00  4.6388427569e+31  9.2218219680e+29
  2.7124323520e+00  5.4782284465e+31  5.7850579520e+29
  2.7181467460e+00  5.9166986500e+31  3.4109534303e+29
  2.7238611400e+00  5.8799602246e+31  2.4495111487e+29
  2.7295755340e+00  5.3725953347e+31  3.0125236870e+29
  2.7352899280e+00  4.4775285582e+31  4.9596683040e+29
  2.7410043220e+00  3.3424708589e+31  7.9261657497e+29
  2.7467187160e+00  2.1555495301e+31  1.1386725727e+30
  2.7524331100e+00  1.1141378975e+31  1.4744663060e+30
  2.7581475040e+00  3.9204322417e+30  1.7431146968e+30
  2.7638618980e+00  1.1050313090e+30  1.8998148258e+30
  2.7695762920e+00  3.1782800979e+30  1.9189961388e+30
  2.7752906860e+00  9.8110754466e+30  1.7981940876e+30
  2.7810050800e+00  1.9914061417e+31  1.5580649607e+30
  2.7867194740e+00  3.1816337989e+31  1.2386033013e+30
  2.7924338680e+00  4.3541668150e+31  8.9224453563e+29
  2.7981482620e+00  5.3136585346e+31  5.7503499762e+29
  2.8038626560e+00  5.8995979047e+31  3.3734963951e+29
  2.8095770500e+00  6.0131930556e+31  2.1568870949e+29
  2.8152914440e+00  5.6340791601e+31  2.2688398322e+29
  2.8210058380e+00  4.8240250720e+31  3.6562941455e+29
  2.8267202320e+00  3.7169662896e+31  6.0569160303e+29
  2.8324346260e+00  2.4969664377e+31  9.0454602383e+29
  2.8381490200e+00  1.3677275848e+31  1.2106261153e+30
  2.8438634140e+00  5.1869408977e+30  1.4719549397e+30
  2.8495778080e+00  9.3385296996e+29  1.6447196381e+30
  2.8552922020e+00  1.6524690762e+30  1.7003787339e+30
  2.8610065960e+00  7.2508228158e+30  1.6301532800e+30
  2.8667209900e+00  1.6822136217e+31  1.4461989234e+30
  2.8724353840e+00  2.8792440562e+31  1.1793114500e+30
  2.8781497780e+00  4.1180229976e+31  8.7359062676e+29
  2.8838641720e+00  5.1925369696e+31  5.7898198277e+29
  2.8895785660e+00  5.9232717452e+31  3.4295330627e+29
  2.8952929600e+00  6.1873188505e+31  2.0268872260e+29
  2.9010073540e+00  5.9391804564e+31  1.7908022835e+29
  2.9067217480e+00  5.2187528600e+31  2.7348429602e+29
  2.9124361420e+00  4.1450901156e+31  4.6774356873e+29
  2.9181505360e+00  2.8969152993e+31  7.2742953285e+29
  2.9238649300e+00  1.6830640352e+31  1.0077318147e+30
  2.9295793240e+00  7.0774260169e+30  1.2609904605e+30
  2.9352937180e+00  1.3637504377e+30  1.4446086739e+30
  2.9410081120e+00  6.7746903546e+29  1.5280356193e+30
  2.9467225060e+00  5.1713320416e+30  1.4976775015e+30
  2.9524369000e+00  1.4132900072e+31  1.3589499683e+30
  2.9581512940e+00  2.6098895375e+31  1.1351654288e+30
  2.9638656880e+00  3.9095695299e+31  8.6347457442e+29
  2.9695800820e+00  5.0966496985e+31  5.8856513319e+29
  2.9752944760e+00  5.9730973707e+31  3.5518341552e+29
  2.9810088700e+00  6.3917498002e+31  2.0072707371e+29
  2.9867232640e+00  6.2812237930e+31  1.4913244748e+29
  2.9924376580e+00  5.6582993713e+31  2.0705320758e+29
  2.9981520520e+00  4.6256324443e+31  3.6293819411e+29
  3.0038664460e+00  3.3550907060e+31  5.8913115722e+29
  3.0095808400e+00  2.0594120311e+31  8.4661455477e+29
  3.0152952340e+00  9.5685345599e+30  1.0915863860e+30
  3.0210096280e+00  2.3469968991e+30  1.2827640668e+30
  3.0267240220e+00  1.7727497887e+29  1.3881999312e+30
  3.0324384160e+00  3.4693200568e+30  1.3904853642e+30
  3.0381528100e+00  1.1721385686e+31  1.2894976731e+30
  3.0438672040e+00  2.3598247489e+31  1.1022581090e+30
  3.0495815980e+00  3.7149414703e+31  8.5995126733e+29
  3.0552959920e+00  5.0131728755e+31  6.0262523019e+29
  3.0610103860e+00  6.0383048507e+31  3.7247086421e+29
  3.0667247800e+00  6.6184823286e+31  2.0680582126e+29
  3.0724391740e+00  6.6552800414e+31  1.3192779579e+29
  3.0781535680e+00  6.1406731635e+31  1.5884763958e+29
  3.0838679620e+00  5.1589858916e+31  2.8159311486e+29
  3.0895823560e+00  3.8733900379e+31  4.7834264578e+29
  3.0952967500e+00  2.4991084460e+31  7.1517766942e+29
  3.1010111440e+00  1.2677180909e+31  9.5181026536e+29
  3.1067255380e+00  3.8846793967e+30  1.1483207878e+30
  3.1124399320e+00  1.3067664138e+29  1.2717806213e+30
  3.1181543260e+00  2.0986764963e+30  1.3016630661e+30
  3.1238687200e+00  9.5182040832e+30  1.2331546641e+30
  3.1295831140e+00  2.1203374311e+31  1.0778339862e+30
  3.1352975080e+00  3.5245092119e+31  8.6162520542e+29
  3.1410119020e+00  4.9325798461e+31  6.2038616216e+29
  3.1467262960e+00  6.1104929360e+31  3.9388010422e+29
  3.1524406900e+00  6.8611034758e+31  2.1914281772e+29
  3.1581550840e+00  7.0574917754e+31  1.2434988900e+29
  3.1638694780e+00  6.6647547820e+31  1.2419813000e+29
  3.1695838720e+00  5.7465383089e+31  2.1755705915e+29
  3.1752982660e+00  4.4551017126e+31  3.8776465887e+29
  3.1810126600e+00  3.0064560346e+31  6.0550049406e+29
  3.1867270540e+00  1.6446288586e+31  8.3374216094e+29
  3.1924414480e+00  6.0096164069e+30  1.0339686298e+30
  3.1981558420e+00  5.5222774425e+29  1.1725725511e+30
  3.2038702360e+00  1.0506764648e+30  1.2264155158e+30
  3.2095846300e+00  7.4902887712e+30  1.1866091705e+30
  3.2152990240e+00  1.8859930256e+31  1.0599052063e+30
  3.2210134180e+00  3.3313803844e+31  8.6747789286e+29
  3.2267278120e+00  4.8474469440e+31  6.4131697923e+29
  3.2324422060e+00  6.1827403485e+31  4.1884422717e+29
  3.2381566000e+00  7.1141678829e+31  2.3665823080e+29
  3.2438709940e+00  7.4846444041e+31  1.2445175683e+29
  3.2495853880e+00  7.2299725120e+31  1.0011131659e+29
  3.2552997820e+00  6.3903609804e+31  1.6680674292e+29
  3.2610141760e+00  5.1045253991e+31  3.1254360732e+29
  3.2667285700e+00  3.5872182440e+31  5.1223966919e+29
  3.2724429640e+00  2.0938206896e+31  7.3196691487e+29
  3.2781573580e+00  8.7782768951e+30  9.3464281059e+29
  3.2838717520e+00  1.4829775037e+30  1.0862172546e+30
  3.2895861460e+00  3.4403599154e+29  1.1613241313e+30
  3.2953005400e+00  5.6308889988e+30  1.1474604353e+30
  3.3010149340e+00  1.6536888252e+31  1.0470051967e+30
  3.3067293280e+00  3.1305599841e+31  8.7675276948e+29
  3.3124437220e+00  4.7517537330e+31  6.6504974592e+29
  3.3181581160e+00  6.2490593948e+31  4.4702271759e+29
  3.3238725100e+00  7.3727968872e+31  2.5869929481e+29
  3.3295869040e+00  7.9338846993e+31  1.3100523952e+29
  3.3353012980e+00  7.8361016134e+31  8.4636871474e+28
  3.3410156920e+00  7.0930440779e+31  1.2665807166e+29
  3.3467300860e+00  5.8268005654e+31  2.4938082479e+29
  3.3524444800e+00  4.2484053362e+31  4.3170614465e+29
  3.3581588740e+00  2.6231913932e+31  6.4269227939e+29
  3.3638732680e+00  1.2267234969e+31  8.4674753683e+29
  3.3695876620e+00  2.9862297873e+30  1.0095771638e+30
  3.3753020560e+00  2.0149604174e+28  1.1038915997e+30
  3.3810164500e+00  3.9545432458e+30  1.1139268528e+30
  3.3867308440e+00  1.4221544308e+31  1.0380288866e+30
  3.3924452380e+00  2.9184825469e+31  8.8887874992e+29
  3.3981596320e+00  4.6404705228e+31  6.9132928292e+29
  3.4038740260e+00  6.3040545178e+31  4.7822182030e+29
  3.4095884200e+00  7.6324143324e+31  2.8488626067e+29
  3.4153028140e+00  8.4025305550e+31  1.4324468794e+29
  3.4210172080e+00  8.4831364472e+31  7.6501737858e+28
  3.4267316020e+00  7.8576135452e+31  9.5304112032e+28
  3.4324459960e+00  6.6278473253e+31  1.9600432582e+29
  3.4381603900e+00  4.9982181934e+31  3.6131152139e+29
  3.4438747840e+00  3.2422299331e+31  5.6321389559e+29
  3.4495891780e+00  1.6572159134e+31  7.6767937973e+29
  3.4553035720e+00  5.1461611363e+30  9.4034648508e+29
  3.4610179660e+00  1.4132510273e+29  1.0522545045e+30
  3.4667323600e+00  2.4949813951e+30  1.0846582585e+30
  3.4724467540e+00  1.1917190162e+31  1.0321275442e+30
  3.4781611480e+00  2.6927704451e+31  9.0341918488e+29
  3.4838755420e+00  4.5093234581e+31  7.1998187444e+29
  3.4895899360e+00  6.3427097015e+31  5.1234867651e+29
  3.4953043300e+00  7.8885696583e+31  3.1502334184e+29
  3.5010187240e+00  8.8879393571e+31  1.6071615142e+29
  3.5067331180e+00  9.1712087787e+31  7.4891471371e+28
  3.5124475120e+00  8.6874984637e+31  7.1535195402e+28
  3.5181619060e+00  7.5143765320e+31  1.5084508308e+29
  3.5238763000e+00  5.8460900695e+31  2.9922514867e+29
  3.5295906940e+00  3.9620753564e+31  4.9158054044e+29
  3.5353050880e+00  2.1808412574e+31  6.9552596184e+29
  3.5410194820e+00  8.0682761228e+30  8.7680247116e+29
  3.5467338760e+00  7.9096419214e+29  1.0049973373e+30
  3.5524482700e+00  1.3049456847e+30  1.0586126618e+30
  3.5581626640e+00  9.6425480000e+30  1.0286386053e+30
  3.5638770580e+00  2.4521425300e+31  9.2003768373e+29
  3.5695914520e+00  4.3546782931e+31  7.5089575277e+29
  3.5753058460e+00  6.3602623062e+31  5.4938466872e+29
  3.5810202400e+00  8.1368196920e+31  3.4904627033e+29
  3.5867346340e+00  9.3874160251e+31  1.8318654148e+29
  3.5924490280e+00  9.9005379879e+31  7.9316179442e+28
  3.5981634220e+00  9.5865343998e+31  5.4564911609e+28
  3.6038778160e+00  8.4939503307e+31  1.1283344044e+29
  3.6095922100e+00  6.8028005332e+31  2.4415626625e+29
  3.6153066040e+00  4.7956726454e+31  4.2637941244e+29
  3.6210209980e+00  2.8112853656e+31  6.2887087539e+29
  3.6267353920e+00  1.1881235702e+31  8.1764283039e+29
  3.6324497860e+00  2.0751999831e+30  9.6102967558e+29
  3.6381641800e+00  4.5744908203e+29  1.0349739685e+30
  3.6438785740e+00  7.4325236575e+30  1.0270384345e+30
  3.6495929680e+00  2.1964348756e+31  9.3847536848e+29
  3.6553073620e+00  4.1735120804e+31  7.8400927618e+29
  3.6610217560e+00  6.3521403122e+31  5.8937033574e+29
  3.6667361500e+00  8.3726531225e+31  3.8699152297e+29
  3.6724505440e+00  9.8981501745e+31  2.1058846079e+29
  3.6781649380e+00  1.0671406092e+32  8.9527195165e+28
  3.6838793320e+00  1.0558996974e+32  4.3920165965e+28
  3.6895937260e+00  9.5750868453e+31  8.1268834441e+28
  3.6953081200e+00  7.8806532945e+31  1.9521310452e+29
  3.7010225140e+00  5.7580143969e+31  3.6659594780e+29
  3.7067369080e+00  3.5646696407e+31  5.6666519315e+29
  3.7124513020e+00  1.6739893331e+31  7.6187773573e+29
  3.7181656960e+00  4.1258098625e+30  9.1950395893e+29
  3.7238800900e+00  4.8284405973e+28  1.0130965640e+30
  3.7295944840e+00  5.3400979729e+30  1.0269105623e+30
  3.7353088780e+00  1.9267172522e+31  9.5853615812e+29
  3.7410232720e+00  3.9634588453e+31  8.1930446837e+29
  3.7467376660e+00  6.3139519517e+31  6.3239775861e+29
  3.7524520600e+00  8.5914496983e+31  4.2897911577e+29
  3.7581664540e+00  1.0417177370e+32  2.4298728247e+29
  3.7638808480e+00  1.1484155135e+32  1.0546552234e+29
  3.7695952420e+00  1.1609665314e+32  3.9371586536e+28
  3.7753096360e+00  1.0767410202e+32  5.5735988400e+28
  3.7810240300e+00  9.0937200788e+31  1.5181110941e+29
  3.7867384240e+00  6.8664709012e+31  3.1152157142e+29
  3.7924528180e+00  4.4599455764e+31  5.0814217670e+29
  3.7981672120e+00  2.2829558524e+31  7.0875762117e+29
  3.8038816060e+00  7.1044149944e+30  8.7976024735e+29
